   1.0000000e+02   9.6206751e-03   2.9029385e+00   2.9435212e+00   2.0217106e-02   3.8545198e+00  -7.2756089e-02
   3.0101010e+02   4.0703241e-02  -4.8475318e-01   1.5026595e+00  -2.9590506e+00   1.8882322e+00   3.0639554e+00
   5.0202020e+02   2.7171616e-02  -8.6430100e-01   4.2680312e-01  -2.9740622e+00   5.1050512e-01   2.9211783e+00
   7.0303030e+02   2.2943992e-02  -1.2268064e+00   2.2318059e-01  -3.0392497e+00   2.6087263e-01   2.7499866e+00
   9.0404040e+02   1.9378436e-02  -1.5763336e+00   1.3838980e-01   3.1365806e+00   1.6281079e-01   2.5170630e+00
   1.1050505e+03   1.5862676e-02  -1.8950872e+00   9.0981367e-02   3.0239930e+00   1.0662922e-01   2.2345655e+00
   1.3060606e+03   1.2647614e-02  -2.1677714e+00   6.1691913e-02   2.9357256e+00   6.8438150e-02   1.9598512e+00
   1.5070707e+03   9.9766175e-03  -2.3901422e+00   4.3181024e-02   2.8815649e+00   4.3389338e-02   1.7460819e+00
   1.7080808e+03   7.8942409e-03  -2.5670279e+00   3.1321490e-02   2.8578986e+00   2.8100212e-02   1.6021773e+00
   1.9090909e+03   6.3193142e-03  -2.7067942e+00   2.3554244e-02   2.8570622e+00   1.8951387e-02   1.5123026e+00
   2.1101010e+03   5.1380970e-03  -2.8177298e+00   1.8322675e-02   2.8719321e+00   1.3367784e-02   1.4588831e+00
   2.3111111e+03   4.2487787e-03  -2.9067378e+00   1.4693792e-02   2.8970733e+00   9.8392027e-03   1.4290586e+00
   2.5121212e+03   3.5726551e-03  -2.9791948e+00   1.2105180e-02   2.9286182e+00   7.5251642e-03   1.4142943e+00
   2.7131313e+03   3.0523049e-03  -3.0391914e+00   1.0211410e-02   2.9638792e+00   5.9549749e-03   1.4089696e+00
   2.9141414e+03   2.6466918e-03  -3.0898298e+00   8.7950617e-03   3.0009982e+00   4.8577006e-03   1.4092888e+00
   3.1151515e+03   2.3265816e-03  -3.1334755e+00   7.7156743e-03   3.0386876e+00   4.0721259e-03   1.4125822e+00
   3.3161616e+03   2.0710349e-03   3.1112358e+00   6.8801744e-03   3.0760505e+00   3.4991347e-03   1.4168724e+00
   3.5171717e+03   1.8649096e-03   3.0765164e+00   6.2254155e-03   3.1124581e+00   3.0759717e-03   1.4205981e+00
   3.7181818e+03   1.6971309e-03   3.0444375e+00   5.7076349e-03  -3.1357201e+00   2.7619186e-03   1.4224272e+00
   3.9191919e+03   1.5595020e-03   3.0141148e+00   5.2959354e-03  -3.1024327e+00   2.5300832e-03   1.4211184e+00
   4.1202020e+03   1.4458853e-03   2.9848401e+00   4.9681648e-03  -3.0711001e+00   2.3625616e-03   1.4154024e+00
   4.3212121e+03   1.3516350e-03   2.9560425e+00   4.7082538e-03  -3.0419026e+00   2.2475222e-03   1.4038647e+00
   4.5222222e+03   1.2732005e-03   2.9272590e+00   4.5044659e-03  -3.0149884e+00   2.1774093e-03   1.3848103e+00
   4.7232323e+03   1.2078463e-03   2.8981113e+00   4.3482290e-03  -2.9904916e+00   2.1477914e-03   1.3560930e+00
   4.9242424e+03   1.1534535e-03   2.8682876e+00   4.2333488e-03  -2.9685465e+00   2.1565168e-03   1.3148904e+00
   5.1252525e+03   1.1083759e-03   2.8375271e+00   4.1554784e-03  -2.9493017e+00   2.2028128e-03   1.2574137e+00
   5.3262626e+03   1.0713379e-03   2.8056056e+00   4.1117678e-03  -2.9329335e+00   2.2857426e-03   1.1785905e+00
   5.5272727e+03   1.0413592e-03   2.7723215e+00   4.1006437e-03  -2.9196606e+00   2.4009322e-03   1.0719106e+00
   5.7282828e+03   1.0177009e-03   2.7374817e+00   4.1216894e-03  -2.9097621e+00   2.5340276e-03   9.3004612e-01
   5.9292929e+03   9.9982623e-04   2.7008856e+00   4.1756096e-03  -2.9035997e+00   2.6511657e-03   7.4757766e-01
   6.1303030e+03   9.8737310e-04   2.6623074e+00   4.2642699e-03  -2.9016471e+00   2.6964588e-03   5.2703560e-01
   6.3313131e+03   9.8013398e-04   2.6214758e+00   4.3908080e-03  -2.9045306e+00   2.6187281e-03   2.8495221e-01
   6.5323232e+03   9.7804213e-04   2.5780494e+00   4.5598115e-03  -2.9130849e+00   2.4195484e-03   4.7860339e-02
   6.7333333e+03   9.8116113e-04   2.5315872e+00   4.7775450e-03  -2.9284328e+00   2.1561945e-03  -1.6277333e-01
   6.9343434e+03   9.8967454e-04   2.4815130e+00   5.0521661e-03  -2.9520972e+00   1.8909323e-03  -3.3986830e-01
   7.1353535e+03   1.0038708e-03   2.4270716e+00   5.3937616e-03  -2.9861585e+00   1.6580299e-03  -4.8726846e-01
   7.3363636e+03   1.0241143e-03   2.3672743e+00   5.8137618e-03  -3.0334642e+00   1.4669637e-03  -6.1289505e-01
   7.5373737e+03   1.0507855e-03   2.3008358e+00   6.3226739e-03  -3.0978781e+00   1.3151530e-03  -7.2484682e-01
   7.7383838e+03   1.0841602e-03   2.2261041e+00   6.9238096e-03   3.0987135e+00   1.1961771e-03  -8.3022852e-01
   7.9393939e+03   1.1241748e-03   2.1410006e+00   7.5988621e-03   2.9838473e+00   1.1031795e-03  -9.3515742e-01
   8.1404040e+03   1.1699979e-03   2.0430103e+00   8.2816499e-03   2.8349483e+00   1.0297586e-03  -1.0450409e+00
   8.3414141e+03   1.2193163e-03   1.9293134e+00   8.8305362e-03   2.6502994e+00   9.6982492e-04  -1.1647232e+00
   8.5424242e+03   1.2673349e-03   1.7972238e+00   9.0495000e-03   2.4379796e+00   9.1714765e-04  -1.2982651e+00
   8.7434343e+03   1.3058552e-03   1.6451495e+00   8.8107129e-03   2.2180599e+00   8.6510767e-04  -1.4481599e+00
   8.9444444e+03   1.3235709e-03   1.4741325e+00   8.1777728e-03   2.0143607e+00   8.0726923e-04  -1.6139857e+00
   9.1454545e+03   1.3092188e-03   1.2893774e+00   7.3494645e-03   1.8420918e+00   7.3920442e-04  -1.7911124e+00
   9.3464646e+03   1.2574483e-03   1.1003064e+00   6.5064358e-03   1.7043971e+00   6.6077980e-04  -1.9708383e+00
   9.5474747e+03   1.1730535e-03   9.1805523e-01   5.7444292e-03   1.5971546e+00   5.7663392e-04  -2.1428689e+00
   9.7484848e+03   1.0688148e-03   7.5169677e-01   5.0929024e-03   1.5141507e+00   4.9368339e-04  -2.2988580e+00
   9.9494949e+03   9.5885315e-04   6.0597331e-01   4.5488038e-03   1.4496402e+00   4.1773303e-04  -2.4344930e+00
   1.0150505e+04   8.5353029e-04   4.8156500e-01   4.0977909e-03   1.3990592e+00   3.5182071e-04  -2.5492452e+00
   1.0351515e+04   7.5832646e-04   3.7667188e-01   3.7237958e-03   1.3589851e+00   2.9652034e-04  -2.6449117e+00
   1.0552525e+04   6.7506516e-04   2.8850764e-01   3.4124507e-03   1.3268986e+00   2.5097285e-04  -2.7242246e+00
   1.0753535e+04   6.0350744e-04   2.1420144e-01   3.1519111e-03   1.3009470e+00   2.1375838e-04  -2.7900000e+00
   1.0954545e+04   5.4249773e-04   1.5119656e-01   2.9327332e-03   1.2797576e+00   1.8339648e-04  -2.8447538e+00
   1.1155556e+04   4.9060772e-04   9.7362160e-02   2.7474834e-03   1.2623019e+00   1.5856431e-04  -2.8905898e+00
   1.1356566e+04   4.4644311e-04   5.0976272e-02   2.5903292e-03   1.2477986e+00   1.3816032e-04  -2.9292127e+00
   1.1557576e+04   4.0876496e-04   1.0664685e-02   2.4566881e-03   1.2356468e+00   1.2129836e-04  -2.9619851e+00
   1.1758586e+04   3.7652083e-04  -2.4666683e-02   2.3429480e-03   1.2253771e+00   1.0727721e-04  -2.9899925e+00
   1.1959596e+04   3.4883673e-04  -5.5891883e-02   2.2462518e-03   1.2166182e+00   9.5545617e-05  -3.0141018e+00
   1.2160606e+04   3.2499495e-04  -8.3714023e-02   2.1643341e-03   1.2090719e+00   8.5670579e-05  -3.0350092e+00
   1.2361616e+04   3.0440891e-04  -1.0870383e-01   2.0953984e-03   1.2024955e+00   7.7311202e-05  -3.0532785e+00
   1.2562626e+04   2.8659996e-04  -1.3132943e-01   2.0380242e-03   1.1966882e+00   7.0197984e-05  -3.0693706e+00
   1.2763636e+04   2.7117740e-04  -1.5197928e-01   1.9910981e-03   1.1914811e+00   6.4116779e-05  -3.0836664e+00
   1.2964646e+04   2.5782205e-04  -1.7097981e-01   1.9537628e-03   1.1867294e+00   5.8896496e-05  -3.0964849e+00
   1.3165657e+04   2.4627308e-04  -1.8860911e-01   1.9253795e-03   1.1823066e+00   5.4399701e-05  -3.1080961e+00
   1.3366667e+04   2.3631748e-04  -2.0510770e-01   1.9055017e-03   1.1780992e+00   5.0515430e-05  -3.1187329e+00
   1.3567677e+04   2.2778182e-04  -2.2068709e-01   1.8938590e-03   1.1740027e+00   4.7153683e-05  -3.1285990e+00
   1.3768687e+04   2.2052579e-04  -2.3553682e-01   1.8903481e-03   1.1699177e+00   4.4241203e-05  -3.1378762e+00
   1.3969697e+04   2.1443722e-04  -2.4983029e-01   1.8950327e-03   1.1657470e+00   4.1718212e-05   3.1364548e+00
   1.4170707e+04   2.0942834e-04  -2.6372991e-01   1.9081504e-03   1.1613916e+00   3.9535899e-05   3.1278681e+00
   1.4371717e+04   2.0543307e-04  -2.7739170e-01   1.9301298e-03   1.1567469e+00   3.7654479e-05   3.1194000e+00
   1.4572727e+04   2.0240511e-04  -2.9096980e-01   1.9616180e-03   1.1516993e+00   3.6041703e-05   3.1109029e+00
   1.4773737e+04   2.0031695e-04  -3.0462099e-01   2.0035215e-03   1.1461202e+00   3.4671719e-05   3.1022263e+00
   1.4974747e+04   1.9915964e-04  -3.1850958e-01   2.0570672e-03   1.1398598e+00   3.3524235e-05   3.0932118e+00
   1.5175758e+04   1.9894332e-04  -3.3281303e-01   2.1238881e-03   1.1327387e+00   3.2583919e-05   3.0836874e+00
   1.5376768e+04   1.9969873e-04  -3.4772868e-01   2.2061484e-03   1.1245355e+00   3.1840032e-05   3.0734610e+00
   1.5577778e+04   2.0147981e-04  -3.6348215e-01   2.3067230e-03   1.1149703e+00   3.1286259e-05   3.0623117e+00
   1.5778788e+04   2.0436763e-04  -3.8033830e-01   2.4294637e-03   1.1036799e+00   3.0920771e-05   3.0499790e+00
   1.5979798e+04   2.0847613e-04  -3.9861578e-01   2.5795983e-03   1.0901805e+00   3.0746514e-05   3.0361482e+00
   1.6180808e+04   2.1396032e-04  -4.1870707e-01   2.7643449e-03   1.0738098e+00   3.0771799e-05   3.0204303e+00
   1.6381818e+04   2.2102768e-04  -4.4110646e-01   2.9938828e-03   1.0536341e+00   3.1011248e-05   3.0023339e+00
   1.6582828e+04   2.2995427e-04  -4.6645020e-01   3.2829322e-03   1.0282919e+00   3.1487209e-05   2.9812250e+00
   1.6783838e+04   2.4110690e-04  -4.9557527e-01   3.6534003e-03   9.9572126e-01   3.2231797e-05   2.9562680e+00
   1.6984848e+04   2.5497384e-04  -5.2960696e-01   4.1389290e-03   9.5265942e-01   3.3289701e-05   2.9263379e+00
   1.7185859e+04   2.7220543e-04  -5.7009199e-01   4.7927696e-03   8.9367425e-01   3.4721863e-05   2.8898869e+00
   1.7386869e+04   2.9366389e-04  -6.1920336e-01   5.7006520e-03   8.0919855e-01   3.6609745e-05   2.8447384e+00
   1.7587879e+04   3.2047012e-04  -6.8005655e-01   6.9950110e-03   6.8145731e-01   3.9058575e-05   2.7877702e+00
   1.7788889e+04   3.5399928e-04  -7.5718644e-01   8.8217044e-03   4.7700337e-01   4.2193935e-05   2.7144364e+00
   1.7989899e+04   3.9566932e-04  -8.5720434e-01   1.0981892e-02   1.4405904e-01   4.6134335e-05   2.6181091e+00
   1.8190909e+04   4.4608282e-04  -9.8943744e-01   1.1949140e-02  -3.2486378e-01   5.0892964e-05   2.4894431e+00
   1.8391919e+04   5.0255325e-04  -1.1655062e+00   1.0437846e-02  -7.7669450e-01   5.6110764e-05   2.3168174e+00
   1.8592929e+04   5.5422793e-04  -1.3946799e+00   8.1765109e-03  -1.0839100e+00   6.0561706e-05   2.0910345e+00
   1.8793939e+04   5.7951553e-04  -1.6710602e+00   6.3984184e-03  -1.2718748e+00   6.1976482e-05   1.8181896e+00
   1.8994949e+04   5.6019461e-04  -1.9618024e+00   5.1563713e-03  -1.3904567e+00   5.8646354e-05   1.5313173e+00
   1.9195960e+04   5.0387934e-04  -2.2232286e+00   4.2844155e-03  -1.4697559e+00   5.1662592e-05   1.2740142e+00
   1.9396970e+04   4.3502089e-04  -2.4323837e+00   3.6531721e-03  -1.5256923e+00   4.3705762e-05   1.0689979e+00
   1.9597980e+04   3.7097574e-04  -2.5908131e+00   3.1812140e-03  -1.5669028e+00   3.6537332e-05   9.1459105e-01
   1.9798990e+04   3.1751573e-04  -2.7096523e+00   2.8182281e-03  -1.5983383e+00   3.0665998e-05   7.9964262e-01
   2.0000000e+04   2.7454413e-04  -2.7998979e+00   2.5323847e-03  -1.6229985e+00   2.6008579e-05   7.1317983e-01
