   1.0000000e+02   1.5839880e-02  -1.6287192e-01   4.6533981e+00  -3.0608334e+00   6.0943589e+00   3.1293937e+00
   3.0101010e+02   8.0477112e-03  -5.2330407e-01   2.9030262e-01  -3.0000299e+00   3.6495191e-01   3.0227422e+00
   5.0202020e+02   7.3656914e-03  -8.7634470e-01   1.1273270e-01  -2.9869476e+00   1.3494434e-01   2.9075801e+00
   7.0303030e+02   6.6666945e-03  -1.2325472e+00   6.3114755e-02  -3.0441983e+00   7.3858140e-02   2.7441385e+00
   9.0404040e+02   5.7864702e-03  -1.5788689e+00   4.0161908e-02   3.1361967e+00   4.7356502e-02   2.5156168e+00
   1.1050505e+03   4.8033798e-03  -1.8954328e+00   2.6722098e-02   3.0277842e+00   3.1444720e-02   2.2362417e+00
   1.3060606e+03   3.8629583e-03  -2.1665590e+00   1.8241908e-02   2.9441709e+00   2.0349181e-02   1.9639687e+00
   1.5070707e+03   3.0655245e-03  -2.3879751e+00   1.2831002e-02   2.8948782e+00   1.2972870e-02   1.7522001e+00
   1.7080808e+03   2.4365814e-03  -2.5644540e+00   9.3472416e-03   2.8758438e+00   8.4358227e-03   1.6099723e+00
   1.9090909e+03   1.9572314e-03  -2.7042516e+00   7.0582911e-03   2.8791523e+00   5.7074849e-03   1.5215166e+00
   2.1101010e+03   1.5956832e-03  -2.8155412e+00   5.5127149e-03   2.8976046e+00   4.0365340e-03   1.4693003e+00
   2.3111111e+03   1.3222890e-03  -2.9051307e+00   4.4383138e-03   2.9257789e+00   2.9777762e-03   1.4404932e+00
   2.5121212e+03   1.1137016e-03  -2.9783247e+00   3.6704532e-03   2.9598552e+00   2.2819956e-03   1.4265836e+00
   2.7131313e+03   9.5269901e-04  -3.0391620e+00   3.1077803e-03   2.9972025e+00   1.8090793e-03   1.4219707e+00
   2.9141414e+03   8.2688092e-04  -3.0907056e+00   2.6863824e-03   3.0360191e+00   1.4781468e-03   1.4228753e+00
   3.1151515e+03   7.2736390e-04  -3.1352915e+00   2.3649042e-03   3.0750693e+00   1.2409651e-03   1.4266429e+00
   3.3161616e+03   6.4775739e-04   3.1084680e+00   2.1159047e-03   3.1135027e+00   1.0678280e-03   1.4313094e+00
   3.5171717e+03   5.8342391e-04   3.0728049e+00   1.9207444e-03  -3.1324542e+00   9.3990059e-04   1.4353257e+00
   3.7181818e+03   5.3096182e-04   3.0398072e+00   1.7664942e-03  -3.0968402e+00   8.4494929e-04   1.4373707e+00
   3.9191919e+03   4.8784740e-04   3.0086051e+00   1.6440215e-03  -3.0631295e+00   7.7488906e-04   1.4362128e+00
   4.1202020e+03   4.5218718e-04   2.9785042e+00   1.5467790e-03  -3.0315310e+00   7.2433682e-04   1.4305915e+00
   4.3212121e+03   4.2254547e-04   2.9489456e+00   1.4700218e-03  -3.0022033e+00   6.8973833e-04   1.4191003e+00
   4.5222222e+03   3.9782358e-04   2.9194775e+00   1.4102930e-03  -2.9752771e+00   6.6883015e-04   1.4000509e+00
   4.7232323e+03   3.7717420e-04   2.8897313e+00   1.3650805e-03  -2.9508723e+00   6.6029455e-04   1.3713035e+00
   4.9242424e+03   3.5994044e-04   2.8594039e+00   1.3325861e-03  -2.9291130e+00   6.6350552e-04   1.3300408e+00
   5.1252525e+03   3.4561186e-04   2.8282414e+00   1.3115719e-03  -2.9101417e+00   6.7825547e-04   1.2724788e+00
   5.3262626e+03   3.3379277e-04   2.7960245e+00   1.3012597e-03  -2.8941325e+00   7.0428183e-04   1.1935492e+00
   5.5272727e+03   3.2417912e-04   2.7625548e+00   1.3012702e-03  -2.8813071e+00   7.4025848e-04   1.0867453e+00
   5.7282828e+03   3.1654177e-04   2.7276399e+00   1.3115940e-03  -2.8719539e+00   7.8177433e-04   9.4474253e-01
   5.9292929e+03   3.1071432e-04   2.6910775e+00   1.3325893e-03  -2.8664515e+00   8.1838365e-04   7.6212398e-01
   6.1303030e+03   3.0658437e-04   2.6526382e+00   1.3650047e-03  -2.8653017e+00   8.3281490e-04   5.4142239e-01
   6.3313131e+03   3.0408742e-04   2.6120446e+00   1.4100278e-03  -2.8691745e+00   8.0921778e-04   2.9917203e-01
   6.5323232e+03   3.0320239e-04   2.5689472e+00   1.4693568e-03  -2.8789709e+00   7.4802532e-04   6.1907442e-02
   6.7333333e+03   3.0394839e-04   2.5228959e+00   1.5452921e-03  -2.8959140e+00   6.6690582e-04  -1.4890322e-01
   6.9343434e+03   3.0638149e-04   2.4733043e+00   1.6408222e-03  -2.9216786e+00   5.8510744e-04  -3.2617823e-01
   7.1353535e+03   3.1059003e-04   2.4194060e+00   1.7596396e-03  -2.9585742e+00   5.1324452e-04  -4.7376039e-01
   7.3363636e+03   3.1668580e-04   2.3602018e+00   1.9059018e-03  -3.0097923e+00   4.5426959e-04  -5.9957004e-01
   7.5373737e+03   3.2478565e-04   2.2943962e+00   2.0832934e-03  -3.0796950e+00   4.0740241e-04  -7.1170518e-01
   7.7383838e+03   3.3497444e-04   2.2203277e+00   2.2923943e-03   3.1091712e+00   3.7066977e-04  -8.1726989e-01
   7.9393939e+03   3.4723291e-04   2.1359091e+00   2.5246230e-03   2.9836736e+00   3.4195904e-04  -9.2238093e-01
   8.1404040e+03   3.6130581e-04   2.0386177e+00   2.7516423e-03   2.8211493e+00   3.1929497e-04  -1.0324452e+00
   8.3414141e+03   3.7648208e-04   1.9256253e+00   2.9166168e-03   2.6215927e+00   3.0079572e-04  -1.1523066e+00
   8.5424242e+03   3.9128599e-04   1.7942350e+00   2.9503107e-03   2.3973382e+00   2.8453302e-04  -1.2860255e+00
   8.7434343e+03   4.0319153e-04   1.6428390e+00   2.8239770e-03   2.1728632e+00   2.6845565e-04  -1.4360951e+00
   8.9444444e+03   4.0870922e-04   1.4724565e+00   2.5806149e-03   1.9724057e+00   2.5056707e-04  -1.6020932e+00
   9.1454545e+03   4.0435334e-04   1.2882670e+00   2.2942923e-03   1.8078563e+00   2.2949224e-04  -1.7793895e+00
   9.3464646e+03   3.8845262e-04   1.0996775e+00   2.0189166e-03   1.6789170e+00   2.0518851e-04  -1.9592823e+00
   9.5474747e+03   3.6246625e-04   9.1782831e-01   1.7777890e-03   1.5796397e+00   1.7909546e-04  -2.1314769e+00
   9.7484848e+03   3.3032930e-04   7.5181320e-01   1.5752424e-03   1.5032565e+00   1.5336159e-04  -2.2876270e+00
   9.9494949e+03   2.9640282e-04   6.0639795e-01   1.4077314e-03   1.4440524e+00   1.2979156e-04  -2.4234201e+00
   1.0150505e+04   2.6389309e-04   4.8227863e-01   1.2696003e-03   1.3976766e+00   1.0933135e-04  -2.5383274e+00
   1.0351515e+04   2.3449897e-04   3.7766248e-01   1.1553622e-03   1.3609361e+00   9.2161565e-05  -2.6341458e+00
   1.0552525e+04   2.0878807e-04   2.8976478e-01   1.0603797e-03   1.3315080e+00   7.8017258e-05  -2.7136077e+00
   1.0753535e+04   1.8668913e-04   2.1571386e-01   9.8093563e-04   1.3076936e+00   6.6458798e-05  -2.7795291e+00
   1.0954545e+04   1.6784661e-04   1.5295156e-01   9.1411266e-04   1.2882381e+00   5.7027279e-05  -2.8344259e+00
   1.1155556e+04   1.5182005e-04   9.9345821e-02   8.5763531e-04   1.2722016e+00   4.9312451e-05  -2.8804019e+00
   1.1356566e+04   1.3817917e-04   5.3173938e-02   8.0972815e-04   1.2588704e+00   4.2972563e-05  -2.9191618e+00
   1.1557576e+04   1.2654150e-04   1.3061400e-02   7.6900114e-04   1.2476947e+00   3.7732632e-05  -2.9520684e+00
   1.1758586e+04   1.1658210e-04  -2.2085799e-02   7.3436113e-04   1.2382444e+00   3.3375019e-05  -2.9802072e+00
   1.1959596e+04   1.0803112e-04  -5.3141367e-02   7.0494504e-04   1.2301789e+00   2.9728597e-05  -3.0044450e+00
   1.2160606e+04   1.0066694e-04  -8.0807874e-02   6.8006973e-04   1.2232238e+00   2.6658935e-05  -3.0254782e+00
   1.2361616e+04   9.4308469e-05  -1.0565539e-01   6.5919454e-04   1.2171555e+00   2.4060185e-05  -3.0438706e+00
   1.2562626e+04   8.8807915e-05  -1.2815132e-01   6.4189332e-04   1.2117882e+00   2.1848655e-05  -3.0600832e+00
   1.2763636e+04   8.4044660e-05  -1.4868336e-01   6.2783366e-04   1.2069653e+00   1.9957837e-05  -3.0744970e+00
   1.2964646e+04   7.9920180e-05  -1.6757717e-01   6.1676159e-04   1.2025521e+00   1.8334592e-05  -3.0874308e+00
   1.3165657e+04   7.6353966e-05  -1.8511009e-01   6.0849054e-04   1.1984302e+00   1.6936228e-05  -3.0991550e+00
   1.3366667e+04   7.3280283e-05  -2.0152189e-01   6.0289382e-04   1.1944928e+00   1.5728274e-05  -3.1099023e+00
   1.3567677e+04   7.0645619e-05  -2.1702340e-01   5.9989990e-04   1.1906411e+00   1.4682771e-05  -3.1198765e+00
   1.3768687e+04   6.8406698e-05  -2.3180347e-01   5.9949045e-04   1.1867806e+00   1.3776958e-05  -3.1292596e+00
   1.3969697e+04   6.6528941e-05  -2.4603487e-01   6.0170079e-04   1.1828178e+00   1.2992262e-05  -3.1382176e+00
   1.4170707e+04   6.4985311e-05  -2.5987942e-01   6.0662305e-04   1.1786567e+00   1.2313518e-05   3.1362796e+00
   1.4371717e+04   6.3755473e-05  -2.7349257e-01   6.1441243e-04   1.1741956e+00   1.1728363e-05   3.1277122e+00
   1.4572727e+04   6.2825221e-05  -2.8702796e-01   6.2529718e-04   1.1693224e+00   1.1226779e-05   3.1191178e+00
   1.4773737e+04   6.2186166e-05  -3.0064185e-01   6.3959341e-04   1.1639095e+00   1.0800734e-05   3.1103459e+00
   1.4974747e+04   6.1835662e-05  -3.1449812e-01   6.5772661e-04   1.1578071e+00   1.0443926e-05   3.1012381e+00
   1.5175758e+04   6.1776989e-05  -3.2877379e-01   6.8026259e-04   1.1508340e+00   1.0151595e-05   3.0916223e+00
   1.5376768e+04   6.2019820e-05  -3.4366580e-01   7.0795203e-04   1.1427654e+00   9.9204080e-06   3.0813064e+00
   1.5577778e+04   6.2581028e-05  -3.5939940e-01   7.4179565e-04   1.1333146e+00   9.7484123e-06   3.0700694e+00
   1.5778788e+04   6.3485915e-05  -3.7623908e-01   7.8314103e-04   1.1221061e+00   9.6350488e-06   3.0576508e+00
   1.5979798e+04   6.4770005e-05  -3.9450316e-01   8.3382971e-04   1.1086357e+00   9.5812471e-06   3.0437358e+00
   1.6180808e+04   6.6481584e-05  -4.1458376e-01   8.9642650e-04   1.0922059e+00   9.5896073e-06   3.0279353e+00
   1.6381818e+04   6.8685264e-05  -4.3697483e-01   9.7458749e-04   1.0718218e+00   9.6646961e-06   3.0097580e+00
   1.6582828e+04   7.1466972e-05  -4.6231227e-01   1.0736700e-03   1.0460128e+00   9.8134894e-06   2.9885698e+00
   1.6783838e+04   7.4940886e-05  -4.9143266e-01   1.2017782e-03   1.0125141e+00   1.0046007e-05   2.9635350e+00
   1.6984848e+04   7.9258956e-05  -5.2546085e-01   1.3716088e-03   9.6766782e-01   1.0376188e-05   2.9335287e+00
   1.7185859e+04   8.4623569e-05  -5.6594299e-01   1.6037524e-03   9.0522530e-01   1.0823042e-05   2.8970029e+00
   1.7386869e+04   9.1303043e-05  -6.1505135e-01   1.9322679e-03   8.1382176e-01   1.1411975e-05   2.8517811e+00
   1.7587879e+04   9.9646211e-05  -6.7590042e-01   2.4106887e-03   6.7153174e-01   1.2175807e-05   2.7947410e+00
   1.7788889e+04   1.1008112e-04  -7.5302368e-01   3.0914738e-03   4.3590969e-01   1.3153704e-05   2.7213366e+00
   1.7989899e+04   1.2304933e-04  -8.5303052e-01   3.8280897e-03   4.6405545e-02   1.4382635e-05   2.6249400e+00
   1.8190909e+04   1.3873927e-04  -9.8524599e-01   3.9165898e-03  -4.6639961e-01   1.5866736e-05   2.4962061e+00
   1.8391919e+04   1.5631708e-04  -1.1612898e+00   3.2059243e-03  -8.9678907e-01   1.7494084e-05   2.3235137e+00
   1.8592929e+04   1.7240936e-04  -1.3904364e+00   2.4556250e-03  -1.1644767e+00   1.8882428e-05   2.0976652e+00
   1.8793939e+04   1.8029974e-04  -1.6668050e+00   1.9191004e-03  -1.3245906e+00   1.9324173e-05   1.8247561e+00
   1.8994949e+04   1.7431272e-04  -1.9575685e+00   1.5532811e-03  -1.4258965e+00   1.8286427e-05   1.5378206e+00
   1.9195960e+04   1.5680801e-04  -2.2190439e+00   1.2972710e-03  -1.4942362e+00   1.6109330e-05   1.2804555e+00
   1.9396970e+04   1.3539157e-04  -2.4282548e+00   1.1113815e-03  -1.5428720e+00   1.3628655e-05   1.0753783e+00
   1.9597980e+04   1.1546726e-04  -2.5867340e+00   9.7177100e-04  -1.5789821e+00   1.1393674e-05   9.2091169e-01
   1.9798990e+04   9.8833979e-05  -2.7056146e+00   8.6390626e-04  -1.6067055e+00   9.5630490e-06   8.0590451e-01
   2.0000000e+04   8.5463155e-05  -2.7958950e+00   7.7861406e-04  -1.6285700e+00   8.1108775e-06   7.1938401e-01
