   1.0000000e+02   9.6957852e-03   2.9051671e+00   2.9412214e+00   2.9110320e-02   3.8515817e+00  -6.3887572e-02
   3.0101010e+02   9.2885552e-01   2.3751965e+00   3.4419621e+01  -1.0662253e-01   4.3252473e+01  -3.6662673e-01
   5.0202020e+02   1.3050346e-01  -9.6673377e-01   2.0408914e+00  -3.0753369e+00   2.4413626e+00   2.8197472e+00
   7.0303030e+02   8.9968161e-02  -1.3677233e+00   8.7157698e-01   3.1041761e+00   1.0189136e+00   2.6100494e+00
   9.0404040e+02   7.0675014e-02  -1.7537723e+00   5.0262103e-01   2.9603120e+00   5.9149518e-01   2.3405726e+00
   1.1050505e+03   5.5573141e-02  -2.1082481e+00   3.1734473e-01   2.8121813e+00   3.7212578e-01   2.0223508e+00
   1.3060606e+03   4.3052508e-02  -2.4157254e+00   2.0903277e-01   2.6894914e+00   2.3205930e-01   1.7128785e+00
   1.5070707e+03   3.3149124e-02  -2.6717965e+00   1.4280055e-01   2.6021279e+00   1.4360182e-01   1.4654937e+00
   1.7080808e+03   2.5650762e-02  -2.8811465e+00   1.0129489e-01   2.5465435e+00   9.0942598e-02   1.2892568e+00
   1.9090909e+03   2.0092183e-02  -3.0520252e+00   7.4548102e-02   2.5151378e+00   6.0014334e-02   1.1684362e+00
   2.1101010e+03   1.5986147e-02   3.0905482e+00   5.6758773e-02   2.5008449e+00   4.1424636e-02   1.0855282e+00
   2.3111111e+03   1.2932892e-02   2.9733538e+00   4.4543906e-02   2.4982725e+00   2.9830635e-02   1.0277154e+00
   2.5121212e+03   1.0635973e-02   2.8742276e+00   3.5902195e-02   2.5035763e+00   2.2315052e-02   9.8648226e-01
   2.7131313e+03   8.8844139e-03   2.7890834e+00   2.9621435e-02   2.5140740e+00   1.7266796e-02   9.5620794e-01
   2.9141414e+03   7.5299862e-03   2.7148060e+00   2.4946882e-02   2.5278962e+00   1.3768823e-02   9.3307992e-01
   3.1151515e+03   6.4684301e-03   2.6490026e+00   2.1395207e-02   2.5437308e+00   1.1280529e-02   9.1439885e-01
   3.3161616e+03   5.6258285e-03   2.5898138e+00   1.8648434e-02   2.5606454e+00   9.4721156e-03   8.9814743e-01
   3.5171717e+03   4.9491864e-03   2.5357764e+00   1.6492067e-02   2.5779674e+00   8.1360116e-03   8.8271671e-01
   3.7181818e+03   4.4000309e-03   2.4857241e+00   1.4778089e-02   2.5952019e+00   7.1379924e-03   8.6672160e-01
   3.9191919e+03   3.9500733e-03   2.4387167e+00   1.3402265e-02   2.6119754e+00   6.3893323e-03   8.4886383e-01
   4.1202020e+03   3.5782532e-03   2.3939878e+00   1.2289871e-02   2.6279963e+00   5.8304606e-03   8.2781521e-01
   4.3212121e+03   3.2687065e-03   2.3509073e+00   1.1386528e-02   2.6430261e+00   5.4211055e-03   8.0210115e-01
   4.5222222e+03   3.0093541e-03   2.3089529e+00   1.0652184e-02   2.6568579e+00   5.1341912e-03   7.6996668e-01
   4.7232323e+03   2.7909107e-03   2.2676879e+00   1.0057094e-02   2.6692995e+00   4.9519069e-03   7.2920645e-01
   4.9242424e+03   2.6061803e-03   2.2267431e+00   9.5790980e-03   2.6801592e+00   4.8629060e-03   6.7693998e-01
   5.1252525e+03   2.4495509e-03   2.1858021e+00   9.2017515e-03   2.6892326e+00   4.8596986e-03   6.0932254e-01
   5.3262626e+03   2.3166282e-03   2.1445869e+00   8.9130507e-03   2.6962888e+00   4.9349589e-03   5.2122759e-01
   5.5272727e+03   2.2039674e-03   2.1028442e+00   8.7045618e-03   2.7010564e+00   5.0746299e-03   4.0609326e-01
   5.7282828e+03   2.1088757e-03   2.0603314e+00   8.5708518e-03   2.7032052e+00   5.2451059e-03   2.5654230e-01
   5.9292929e+03   2.0292659e-03   2.0168005e+00   8.5091487e-03   2.7023235e+00   5.3759270e-03   6.7108397e-02
   6.1303030e+03   1.9635467e-03   1.9719805e+00   8.5191848e-03   2.6978889e+00   5.3584944e-03  -1.5972249e-01
   6.3313131e+03   1.9105405e-03   1.9255570e+00   8.6031963e-03   2.6892265e+00   5.1019184e-03  -4.0746007e-01
   6.5323232e+03   1.8694207e-03   1.8771477e+00   8.7660498e-03   2.6754522e+00   4.6231172e-03  -6.4961112e-01
   6.7333333e+03   1.8396612e-03   1.8262726e+00   9.0154474e-03   2.6553916e+00   4.0421308e-03  -8.6474626e-01
   6.9343434e+03   1.8209918e-03   1.7723191e+00   9.3620888e-03   2.6274651e+00   3.4792439e-03  -1.0458201e+00
   7.1353535e+03   1.8133497e-03   1.7144970e+00   9.8194783e-03   2.5895274e+00   2.9953809e-03  -1.1967095e+00
   7.3363636e+03   1.8168113e-03   1.6517851e+00   1.0402608e-02   2.5386525e+00   2.6031154e-03  -1.3253667e+00
   7.5373737e+03   1.8314769e-03   1.5828674e+00   1.1123719e-02   2.4708793e+00   2.2931211e-03  -1.4399194e+00
   7.7383838e+03   1.8572639e-03   1.5060632e+00   1.1981319e-02   2.3810193e+00   2.0501406e-03  -1.5474998e+00
   7.9393939e+03   1.8935282e-03   1.4192670e+00   1.2935945e-02   2.2628618e+00   1.8592192e-03  -1.6542506e+00
   8.1404040e+03   1.9384012e-03   1.3199385e+00   1.3868043e-02   2.1106035e+00   1.7071549e-03  -1.7656033e+00
   8.3414141e+03   1.9877250e-03   1.2052342e+00   1.4538956e-02   1.9227185e+00   1.5821162e-03  -1.8864245e+00
   8.5424242e+03   2.0336257e-03   1.0724452e+00   1.4639841e-02   1.7078318e+00   1.4728002e-03  -2.0207960e+00
   8.7434343e+03   2.0633380e-03   9.1995738e-01   1.4001118e-02   1.4866371e+00   1.3679924e-03  -2.1712310e+00
   8.9444444e+03   2.0600194e-03   7.4879085e-01   1.2771155e-02   1.2830706e+00   1.2574409e-03  -2.3373261e+00
   9.1454545e+03   2.0078643e-03   5.6412896e-01   1.1290755e-02   1.1118920e+00   1.1345753e-03  -2.5144686e+00
   9.3464646e+03   1.9008798e-03   3.7537544e-01   9.8430571e-03   9.7572058e-01   9.9969211e-04  -2.6939731e+00
   9.5474747e+03   1.7484935e-03   1.9365132e-01   8.5647894e-03   8.7012851e-01   8.6017867e-04  -2.8655605e+00
   9.7484848e+03   1.5713225e-03   2.8018337e-02   7.4884525e-03   7.8879062e-01   7.2635907e-04  -3.0208987e+00
   9.9494949e+03   1.3907954e-03  -1.1679124e-01   6.5991946e-03   7.2594549e-01   6.0638510e-04   3.1274965e+00
   1.0150505e+04   1.2218209e-03  -2.4010758e-01   5.8678743e-03   6.7704588e-01   5.0401978e-04   3.0137705e+00
   1.0351515e+04   1.0716404e-03  -3.4374149e-01   5.2650266e-03   6.3869088e-01   4.1935699e-04   2.9192998e+00
   1.0552525e+04   9.4203517e-04  -4.3049021e-01   4.7653732e-03   6.0837927e-01   3.5049613e-04   2.8413409e+00
   1.0753535e+04   8.3186780e-04  -5.0323523e-01   4.3485399e-03   5.8427115e-01   2.9486812e-04   2.7770673e+00
   1.0954545e+04   7.3882035e-04  -5.6454337e-01   3.9985103e-03   5.6500179e-01   2.4995516e-04   2.7239532e+00
   1.1155556e+04   6.6032958e-04  -6.1655494e-01   3.7027965e-03   5.4954671e-01   2.1357900e-04   2.6798855e+00
   1.1356566e+04   5.9400676e-04  -6.6100074e-01   3.4516638e-03   5.3712635e-01   1.8396333e-04   2.6431509e+00
   1.1557576e+04   5.3778476e-04  -6.9926324e-01   3.2374957e-03   5.2713907e-01   1.5970107e-04   2.6123783e+00
   1.1758586e+04   4.8993829e-04  -7.3244427e-01   3.0543016e-03   5.1911386e-01   1.3969243e-04   2.5864746e+00
   1.1959596e+04   4.4905285e-04  -7.6142509e-01   2.8973437e-03   5.1267668e-01   1.2308175e-04   2.5645657e+00
   1.2160606e+04   4.1397818e-04  -7.8691558e-01   2.7628562e-03   5.0752618e-01   1.0920299e-04   2.5459484e+00
   1.2361616e+04   3.8378144e-04  -8.0949284e-01   2.6478357e-03   5.0341596e-01   9.7536051e-05   2.5300526e+00
   1.2562626e+04   3.5770600e-04  -8.2963096e-01   2.5498833e-03   5.0014140e-01   8.7672798e-05   2.5164111e+00
   1.2763636e+04   3.3513699e-04  -8.4772403e-01   2.4670866e-03   4.9752973e-01   7.9291131e-05   2.5046372e+00
   1.2964646e+04   3.1557358e-04  -8.6410375e-01   2.3979309e-03   4.9543232e-01   7.2135319e-05   2.4944069e+00
   1.3165657e+04   2.9860691e-04  -8.7905319e-01   2.3412341e-03   4.9371869e-01   6.6001108e-05   2.4854447e+00
   1.3366667e+04   2.8390269e-04  -8.9281756e-01   2.2960980e-03   4.9227156e-01   6.0724424e-05   2.4775130e+00
   1.3567677e+04   2.7118751e-04  -9.0561280e-01   2.2618747e-03   4.9098274e-01   5.6172776e-05   2.4704038e+00
   1.3768687e+04   2.6023821e-04  -9.1763260e-01   2.2381452e-03   4.8974940e-01   5.2238690e-05   2.4639306e+00
   1.3969697e+04   2.5087357e-04  -9.2905430e-01   2.2247081e-03   4.8847068e-01   4.8834667e-05   2.4579237e+00
   1.4170707e+04   2.4294798e-04  -9.4004401e-01   2.2215794e-03   4.8704422e-01   4.5889304e-05   2.4522240e+00
   1.4371717e+04   2.3634657e-04  -9.5076125e-01   2.2290027e-03   4.8536246e-01   4.3344297e-05   2.4466787e+00
   1.4572727e+04   2.3098175e-04  -9.6136345e-01   2.2474719e-03   4.8330839e-01   4.1152133e-05   2.4411369e+00
   1.4773737e+04   2.2679079e-04  -9.7201050e-01   2.2777700e-03   4.8075041e-01   3.9274308e-05   2.4354449e+00
   1.4974747e+04   2.2373453e-04  -9.8286966e-01   2.3210270e-03   4.7753575e-01   3.7679987e-05   2.4294414e+00
   1.5175758e+04   2.2179700e-04  -9.9412114e-01   2.3788059e-03   4.7348177e-01   3.6345004e-05   2.4229515e+00
   1.5376768e+04   2.2098623e-04  -1.0059649e+00   2.4532282e-03   4.6836394e-01   3.5251169e-05   2.4157803e+00
   1.5577778e+04   2.2133612e-04  -1.0186290e+00   2.5471580e-03   4.6189873e-01   3.4385847e-05   2.4077046e+00
   1.5778788e+04   2.2290991e-04  -1.0323807e+00   2.6644733e-03   4.5371866e-01   3.3741800e-05   2.3984614e+00
   1.5979798e+04   2.2580532e-04  -1.0475407e+00   2.8104774e-03   4.4333460e-01   3.3317305e-05   2.3877337e+00
   1.6180808e+04   2.3016226e-04  -1.0645037e+00   2.9925323e-03   4.3007698e-01   3.3116588e-05   2.3751304e+00
   1.6381818e+04   2.3617373e-04  -1.0837658e+00   3.2210627e-03   4.1300101e-01   3.3150629e-05   2.3601582e+00
   1.6582828e+04   2.4410121e-04  -1.1059651e+00   3.5111928e-03   3.9072754e-01   3.3438456e-05   2.3421811e+00
   1.6783838e+04   2.5429612e-04  -1.1319403e+00   3.8854950e-03   3.6116400e-01   3.4009036e-05   2.3203619e+00
   1.6984848e+04   2.6722926e-04  -1.1628184e+00   4.3787238e-03   3.2099030e-01   3.4903927e-05   2.2935738e+00
   1.7185859e+04   2.8352986e-04  -1.2001474e+00   5.0460237e-03   2.6466015e-01   3.6180745e-05   2.2602673e+00
   1.7386869e+04   3.0403263e-04  -1.2461018e+00   5.9763188e-03   1.8236213e-01   3.7917127e-05   2.2182645e+00
   1.7587879e+04   3.2982041e-04  -1.3037984e+00   7.3066530e-03   5.5772496e-02   4.0213533e-05   2.1644419e+00
   1.7788889e+04   3.6221314e-04  -1.3777729e+00   9.1831182e-03  -1.4973034e-01   4.3189145e-05   2.0942520e+00
   1.7989899e+04   4.0254681e-04  -1.4746378e+00   1.1364018e-02  -4.8725582e-01   4.6953499e-05   2.0010659e+00
   1.8190909e+04   4.5130595e-04  -1.6037211e+00   1.2198734e-02  -9.6007354e-01   5.1507416e-05   1.8755371e+00
   1.8391919e+04   5.0565910e-04  -1.7766442e+00   1.0492794e-02  -1.4067163e+00   5.6477383e-05   1.7060436e+00
   1.8592929e+04   5.5466714e-04  -2.0026781e+00   8.1429848e-03  -1.7050533e+00   6.0630306e-05   1.4833868e+00
   1.8793939e+04   5.7693206e-04  -2.2759283e+00   6.3356931e-03  -1.8855892e+00   6.1720248e-05   1.2136611e+00
   1.8994949e+04   5.5482912e-04  -2.5635532e+00   5.0823046e-03  -1.9983490e+00   5.8102602e-05   9.2989995e-01
   1.9195960e+04   4.9653521e-04  -2.8218752e+00   4.2046178e-03  -2.0728232e+00   5.0924676e-05   6.7569925e-01
   1.9396970e+04   4.2655770e-04  -3.0279368e+00   3.5698364e-03  -2.1245207e+00   4.2867777e-05   4.7377578e-01
   1.9597980e+04   3.6199113e-04   3.0999031e+00   3.0954062e-03  -2.1618489e+00   3.5662433e-05   3.2245154e-01
   1.9798990e+04   3.0834902e-04   2.9841380e+00   2.7305517e-03  -2.1896311e+00   2.9788858e-05   2.1057467e-01
   2.0000000e+04   2.6537128e-04   2.8969556e+00   2.4432104e-03  -2.2107929e+00   2.5146396e-05   1.2717181e-01
