   0.0000000000000000e+00   1.0000000000000000e+00
   9.9431669122021973e-03   9.9963014384548832e-01
   1.9886333824404395e-02   9.9926028769097663e-01
   2.9829500736606590e-02   9.9889043153646495e-01
   3.9772667648808789e-02   9.9852057538195327e-01
   4.9715834561010995e-02   9.9815071922744159e-01
   5.9659001473213180e-02   9.9778086307292990e-01
   6.9602168385415386e-02   9.9741100691841822e-01
   7.9545335297617578e-02   9.9671566517342447e-01
   8.9488502209819770e-02   9.9563379167766686e-01
   9.9431669122021990e-02   9.9455191818190936e-01
   1.0937483603422420e-01   9.9347004468615174e-01
   1.1931800294642636e-01   9.9238817119039413e-01
   1.2926116985862857e-01   9.9130629769463663e-01
   1.3920433677083077e-01   9.9022442419887913e-01
   1.4914750368303298e-01   9.8914255070312151e-01
   1.5909067059523516e-01   9.8746835650297771e-01
   1.6903383750743739e-01   9.8573861621152392e-01
   1.7897700441963954e-01   9.8400887592006991e-01
   1.8892017133184175e-01   9.8227913562861602e-01
   1.9886333824404398e-01   9.8054939533716212e-01
   2.0880650515624616e-01   9.7881965504570834e-01
   2.1874967206844839e-01   9.7708991475425444e-01
   2.2869283898065054e-01   9.7514949418372820e-01
   2.3863600589285272e-01   9.7285248594723195e-01
   2.4857917280505493e-01   9.7055547771073558e-01
   2.5852233971725713e-01   9.6825846947423932e-01
   2.6846550662945934e-01   9.6596146123774296e-01
   2.7840867354166154e-01   9.6366445300124659e-01
   2.8835184045386369e-01   9.6136744476475045e-01
   2.9829500736606596e-01   9.5907043652825408e-01
   3.0823817427826816e-01   9.5637465150457202e-01
   3.1818134119047031e-01   9.5359633466476557e-01
   3.2812450810267252e-01   9.5081801782495889e-01
   3.3806767501487478e-01   9.4803970098515244e-01
   3.4801084192707693e-01   9.4526138414534588e-01
   3.5795400883927908e-01   9.4248306730553932e-01
   3.6789717575148129e-01   9.3970475046573287e-01
   3.7784034266368349e-01   9.3681311698059389e-01
   3.8778350957588570e-01   9.3363811338433411e-01
   3.9772667648808796e-01   9.3046310978807456e-01
   4.0766984340029011e-01   9.2728810619181501e-01
   4.1761301031249232e-01   9.2411310259555535e-01
   4.2755617722469447e-01   9.2093809899929591e-01
   4.3749934413689678e-01   9.1776309540303624e-01
   4.4744251104909888e-01   9.1458809180677669e-01
   4.5738567796130108e-01   9.1117743716564736e-01
   4.6732884487350329e-01   9.0768518203412540e-01
   4.7727201178570544e-01   9.0419292690260367e-01
   4.8721517869790765e-01   9.0070067177108171e-01
   4.9715834561010985e-01   8.9720841663955997e-01
   5.0710151252231206e-01   8.9371616150803801e-01
   5.1704467943451426e-01   8.9022390637651616e-01
   5.2698784634671647e-01   8.8668267407754642e-01
   5.3693101325891868e-01   8.8294543615264787e-01
   5.4687418017112088e-01   8.7920819822774932e-01
   5.5681734708332309e-01   8.7547096030285076e-01
   5.6676051399552518e-01   8.7173372237795244e-01
   5.7670368090772739e-01   8.6799648445305388e-01
   5.8664684781992960e-01   8.6425924652815533e-01
   5.9659001473213191e-01   8.6052200860325678e-01
   6.0653318164433412e-01   8.5666605934865936e-01
   6.1647634855653632e-01   8.5274814887708672e-01
   6.2641951546873853e-01   8.4883023840551419e-01
   6.3636268238094063e-01   8.4491232793394155e-01
   6.4630584929314272e-01   8.4099441746236903e-01
   6.5624901620534504e-01   8.3707650699079639e-01
   6.6619218311754724e-01   8.3315859651922386e-01
   6.7613535002974956e-01   8.2922648283432154e-01
   6.8607851694195165e-01   8.2518418348079681e-01
   6.9602168385415386e-01   8.2114188412727218e-01
   7.0596485076635596e-01   8.1709958477374744e-01
   7.1590801767855816e-01   8.1305728542022271e-01
   7.2585118459076048e-01   8.0901498606669797e-01
   7.3579435150296257e-01   8.0497268671317324e-01
   7.4573751841516478e-01   8.0093038735964839e-01
   7.5568068532736699e-01   7.9684479234929739e-01
   7.6562385223956919e-01   7.9272671060023625e-01
   7.7556701915177140e-01   7.8860862885117489e-01
   7.8551018606397349e-01   7.8449054710211374e-01
   7.9545335297617592e-01   7.8037246535305238e-01
   8.0539651988837802e-01   7.7625438360399124e-01
   8.1533968680058022e-01   7.7213630185493010e-01
   8.2528285371278232e-01   7.6801724487085299e-01
   8.3522602062498463e-01   7.6386488064960356e-01
   8.4516918753718684e-01   7.5971251642835402e-01
   8.5511235444938893e-01   7.5556015220710471e-01
   8.6505552136159114e-01   7.5140778798585528e-01
   8.7499868827379357e-01   7.4725542376460585e-01
   8.8494185518599577e-01   7.4310305954335631e-01
   8.9488502209819776e-01   7.3895069532210711e-01
   9.0482818901039996e-01   7.3479870991898777e-01
   9.1477135592260217e-01   7.3064712583536129e-01
   9.2471452283480438e-01   7.2649554175173459e-01
   9.3465768974700658e-01   7.2234395766810811e-01
   9.4460085665920868e-01   7.1819237358448151e-01
   9.5454402357141088e-01   7.1404078950085492e-01
   9.6448719048361309e-01   7.0988920541722833e-01
   9.7443035739581529e-01   7.0573762133360174e-01
   9.8437352430801750e-01   7.0161441208175501e-01
   9.9431669122021971e-01   6.9749292720939882e-01
   1.0042598581324218e+00   6.9337144233704240e-01
   1.0142030250446241e+00   6.8924995746468598e-01
   1.0241461919568262e+00   6.8512847259232967e-01
   1.0340893588690285e+00   6.8100698771997314e-01
   1.0440325257812308e+00   6.7688550284761684e-01
   1.0539756926934329e+00   6.7278574937819957e-01
   1.0639188596056353e+00   6.6871861452314141e-01
   1.0738620265178374e+00   6.6465147966808336e-01
   1.0838051934300397e+00   6.6058434481302508e-01
   1.0937483603422418e+00   6.5651720995796703e-01
   1.1036915272544439e+00   6.5245007510290898e-01
   1.1136346941666462e+00   6.4838294024785070e-01
   1.1235778610788483e+00   6.4431580539279254e-01
   1.1335210279910504e+00   6.4031222871868831e-01
   1.1434641949032527e+00   6.3631925975095294e-01
   1.1534073618154548e+00   6.3232629078321767e-01
   1.1633505287276571e+00   6.2833332181548240e-01
   1.1732936956398592e+00   6.2434035284774714e-01
   1.1832368625520615e+00   6.2034738388001187e-01
   1.1931800294642638e+00   6.1635441491227649e-01
   1.2031231963764659e+00   6.1238975524778172e-01
   1.2130663632886682e+00   6.0848691321839976e-01
   1.2230095302008701e+00   6.0458407118901802e-01
   1.2329526971130726e+00   6.0068122915963595e-01
   1.2428958640252747e+00   5.9677838713025411e-01
   1.2528390309374771e+00   5.9287554510087226e-01
   1.2627821978496792e+00   5.8897270307149041e-01
   1.2727253647618813e+00   5.8506986104210845e-01
   1.2826685316740836e+00   5.8124626829712656e-01
   1.2926116985862854e+00   5.7744618242706591e-01
   1.3025548654984878e+00   5.7364609655700505e-01
   1.3124980324106901e+00   5.6984601068694429e-01
   1.3224411993228922e+00   5.6604592481688365e-01
   1.3323843662350945e+00   5.6224583894682290e-01
   1.3423275331472966e+00   5.5844575307676214e-01
   1.3522707000594991e+00   5.5467136312142518e-01
   1.3622138669717010e+00   5.5098379707448852e-01
   1.3721570338839033e+00   5.4729623102755154e-01
   1.3821002007961056e+00   5.4360866498061455e-01
   1.3920433677083077e+00   5.3992109893367768e-01
   1.4019865346205100e+00   5.3623353288674069e-01
   1.4119297015327119e+00   5.3254596683980393e-01
   1.4218728684449145e+00   5.2885840079286695e-01
   1.4318160353571163e+00   5.2525297835995677e-01
   1.4417592022693186e+00   5.2168524262818772e-01
   1.4517023691815210e+00   5.1811750689641867e-01
   1.4616455360937228e+00   5.1454977116464962e-01
   1.4715887030059251e+00   5.1098203543288045e-01
   1.4815318699181272e+00   5.0741429970111152e-01
   1.4914750368303296e+00   5.0384656396934246e-01
   1.5014182037425319e+00   5.0029666427055430e-01
   1.5113613706547340e+00   4.9685397873267712e-01
   1.5213045375669365e+00   4.9341129319479965e-01
   1.5312477044791384e+00   4.8996860765692246e-01
   1.5411908713913407e+00   4.8652592211904516e-01
   1.5511340383035428e+00   4.8308323658116792e-01
   1.5610772052157451e+00   4.7964055104329056e-01
   1.5710203721279470e+00   4.7619786550541338e-01
   1.5809635390401493e+00   4.7283224751097969e-01
   1.5909067059523518e+00   4.6951805873363556e-01
   1.6008498728645537e+00   4.6620386995629171e-01
   1.6107930397767560e+00   4.6288968117894769e-01
   1.6207362066889581e+00   4.5957549240160378e-01
   1.6306793736011604e+00   4.5626130362425976e-01
   1.6406225405133625e+00   4.5294711484691580e-01
   1.6505657074255646e+00   4.4964034771621886e-01
   1.6605088743377669e+00   4.4645660564690709e-01
   1.6704520412499693e+00   4.4327286357759527e-01
   1.6803952081621716e+00   4.4008912150828350e-01
   1.6903383750743737e+00   4.3690537943897179e-01
   1.7002815419865758e+00   4.3372163736966007e-01
   1.7102247088987779e+00   4.3053789530034836e-01
   1.7201678758109800e+00   4.2735415323103659e-01
   1.7301110427231823e+00   4.2423782079401573e-01
   1.7400542096353848e+00   4.2118521932783726e-01
   1.7499973765475871e+00   4.1813261786165890e-01
   1.7599405434597892e+00   4.1508001639548053e-01
   1.7698837103719915e+00   4.1202741492930206e-01
   1.7798268772841936e+00   4.0897481346312375e-01
   1.7897700441963955e+00   4.0592221199694545e-01
   1.7997132111085981e+00   4.0286961053076698e-01
