   0.0000000000000000e+00   1.0003341800978853e+00
   7.9545335297617578e-02   9.8032059579052855e-01
   1.5909067059523516e-01   9.7289730563800014e-01
   2.3863600589285272e-01   9.6516857629312347e-01
   3.1818134119047031e-01   9.4851046297131403e-01
   3.9772667648808796e-01   9.3235930810630419e-01
   4.7727201178570544e-01   9.0700479192138495e-01
   5.5681734708332309e-01   8.7804941853302187e-01
   6.3636268238094063e-01   8.5130434423385848e-01
   7.1590801767855816e-01   8.1922481426119687e-01
   7.9545335297617592e-01   7.8677192097896764e-01
   8.7499868827379357e-01   7.5609282044958159e-01
   9.5454402357141088e-01   7.2389685960798578e-01
   1.0340893588690285e+00   6.9354597776375293e-01
   1.1136346941666462e+00   6.6271117882229480e-01
   1.1931800294642638e+00   6.3106057223253476e-01
   1.2727253647618813e+00   6.0078931104561584e-01
   1.3522707000594991e+00   5.6962635331526412e-01
   1.4318160353571163e+00   5.3466812846047285e-01
   1.5113613706547340e+00   5.0881151091497023e-01
   1.5909067059523518e+00   4.7984803195845793e-01
   1.6704520412499693e+00   4.5121829721066420e-01
   1.7499973765475871e+00   4.4387478227039112e-01
