   0.0000000000000000e+00   5.6173120648398434e-01
   7.9545335297617578e-02   5.5672559591096504e-01
   1.5909067059523516e-01   5.5393675648609630e-01
   2.3863600589285272e-01   5.6434719722394866e-01
   3.1818134119047031e-01   5.7506759975493715e-01
   3.9772667648808796e-01   5.7650873493270705e-01
   4.7727201178570544e-01   5.7436392592402896e-01
   5.5681734708332309e-01   5.6661145202719487e-01
   6.3636268238094063e-01   5.5999243087178674e-01
   7.1590801767855816e-01   5.5317390383036225e-01
   7.9545335297617592e-01   5.4745726015902019e-01
   8.7499868827379357e-01   5.3841717445030024e-01
   9.5454402357141088e-01   5.2814662001895385e-01
   1.0340893588690285e+00   5.1900068183793635e-01
   1.1136346941666462e+00   5.1174202372194844e-01
   1.1931800294642638e+00   5.0617418911240419e-01
   1.2727253647618813e+00   4.9856793296599355e-01
   1.3522707000594991e+00   4.9081933647555764e-01
   1.4318160353571163e+00   4.8153006520254871e-01
   1.5113613706547340e+00   4.7201549913044638e-01
   1.5909067059523518e+00   4.6019394486934140e-01
   1.6704520412499693e+00   4.4995638574731689e-01
   1.7499973765475871e+00   4.4212488481176793e-01
