   0.0000000000000000e+00   1.0000000000000000e+00
   7.4999999999999997e-02   9.9721022368091450e-01
   1.4999999999999999e-01   9.8904979422234418e-01
   2.2500000000000001e-01   9.7600259075039641e-01
   2.9999999999999999e-01   9.5867655979281419e-01
   3.7500000000000000e-01   9.3772008135637408e-01
   4.5000000000000001e-01   9.1377144689995726e-01
   5.2500000000000002e-01   8.8742982584734142e-01
   5.9999999999999998e-01   8.5924033181165205e-01
   6.7500000000000004e-01   8.2968804852378508e-01
   7.5000000000000000e-01   7.9919751626264957e-01
   8.2499999999999996e-01   7.6813536736111943e-01
   9.0000000000000002e-01   7.3681463028171634e-01
   9.7499999999999998e-01   7.0549977767777550e-01
   1.0500000000000000e+00   6.7441195946490928e-01
   1.1250000000000000e+00   6.4373409628280542e-01
   1.2000000000000000e+00   6.1361565663229189e-01
   1.2749999999999999e+00   5.8417703262162324e-01
   1.3500000000000001e+00   5.5551348480319152e-01
   1.4250000000000000e+00   5.2769865920865522e-01
   1.5000000000000000e+00   5.0078769791781075e-01
   1.5750000000000000e+00   4.7481997378920004e-01
   1.6499999999999999e+00   4.4982148382160619e-01
   1.7250000000000001e+00   4.2580693621249871e-01
   1.8000000000000000e+00   4.0278156492134420e-01
   1.8750000000000000e+00   3.8074270329887161e-01
   1.9500000000000000e+00   3.5968114564100273e-01
   2.0249999999999999e+00   3.3958232268960936e-01
   2.1000000000000001e+00   3.2042731434321264e-01
   2.1749999999999998e+00   3.0219372004263734e-01
   2.2500000000000000e+00   2.8485640540271395e-01
   2.3250000000000002e+00   2.6838814058181115e-01
   2.3999999999999999e+00   2.5276014482383879e-01
   2.4750000000000001e+00   2.3794254931053183e-01
   2.5499999999999998e+00   2.2390478910831130e-01
   2.6250000000000000e+00   2.1061593360958755e-01
   2.7000000000000002e+00   1.9804496367688978e-01
   2.7749999999999999e+00   1.8616100265408908e-01
   2.8500000000000001e+00   1.7493350749525363e-01
   2.9249999999999998e+00   1.6433242546271648e-01
   3.0000000000000000e+00   1.5432832114772646e-01
