   0.0000000000000000e+00   2.5164984087714470e-01
   5.1020408163265307e-02   2.6809540654074593e-01
   1.0204081632653061e-01   2.9190262137238904e-01
   1.5306122448979592e-01   3.1755202983032871e-01
   2.0408163265306123e-01   3.4742884104991750e-01
   2.5510204081632654e-01   3.8796719102109412e-01
   3.0612244897959184e-01   4.4248930922089319e-01
   3.5714285714285715e-01   4.8380275323658312e-01
   4.0816326530612246e-01   5.0563961301968385e-01
   4.5918367346938777e-01   5.1692432035113067e-01
   5.1020408163265307e-01   5.2262160215627029e-01
   5.6122448979591844e-01   5.2512826158531434e-01
   6.1224489795918369e-01   5.2566399044103995e-01
   6.6326530612244894e-01   5.2487955468705638e-01
   7.1428571428571430e-01   5.2314335780005305e-01
   7.6530612244897966e-01   5.2068518410458320e-01
   8.1632653061224492e-01   5.1766567479682157e-01
   8.6734693877551017e-01   5.1420648249801904e-01
   9.1836734693877553e-01   5.1040269357696311e-01
   9.6938775510204089e-01   5.0632886480759587e-01
   1.0204081632653061e+00   5.0204314589304466e-01
   1.0714285714285714e+00   4.9759070533867872e-01
   1.1224489795918369e+00   4.9300661530891954e-01
   1.1734693877551021e+00   4.8831817275573108e-01
   1.2244897959183674e+00   4.8354668656030164e-01
   1.2755102040816326e+00   4.7870881806226084e-01
   1.3265306122448979e+00   4.7381758046160416e-01
   1.3775510204081631e+00   4.6888309090298397e-01
   1.4285714285714286e+00   4.6391314712080922e-01
   1.4795918367346939e+00   4.5891367862917487e-01
   1.5306122448979591e+00   4.5388910602582322e-01
   1.5816326530612246e+00   4.4884263088991078e-01
   1.6326530612244898e+00   4.4377647174116597e-01
   1.6836734693877551e+00   4.3869205710991410e-01
   1.7346938775510203e+00   4.3359018387058912e-01
   1.7857142857142856e+00   4.2847114697542549e-01
   1.8367346938775511e+00   4.2333484524954212e-01
   1.8877551020408163e+00   4.1818086680120942e-01
   1.9387755102040816e+00   4.1300855676749937e-01
   1.9897959183673470e+00   4.0781706949428753e-01
   2.0408163265306123e+00   4.0260540678696716e-01
   2.0918367346938775e+00   3.9737244357635715e-01
   2.1428571428571428e+00   3.9211694197456565e-01
   2.1938775510204080e+00   3.8683755471794956e-01
   2.2448979591836733e+00   3.8153281862973898e-01
   2.2959183673469390e+00   3.7620113871826150e-01
   2.3469387755102042e+00   3.7084076333238780e-01
   2.3979591836734695e+00   3.6544975062467239e-01
   2.4489795918367347e+00   3.6002592635373609e-01
   2.5000000000000000e+00   3.5456683277953172e-01
