   0.0000000000000000e+00   6.1329999999999996e-01
   7.4999999999999997e-02   6.1329999999999996e-01
   1.4999999999999999e-01   6.1057416114254792e-01
   2.2500000000000001e-01   6.0644157655137954e-01
   2.9999999999999999e-01   6.0118858275852649e-01
   3.7500000000000000e-01   5.9505932685426310e-01
   4.5000000000000001e-01   5.8825470059078033e-01
   5.2500000000000002e-01   5.8093686016889201e-01
   5.9999999999999998e-01   5.7323510146339940e-01
   6.7500000000000004e-01   5.6525167493503414e-01
   7.5000000000000000e-01   5.5706696150202084e-01
   8.2499999999999996e-01   5.4874383779327207e-01
   9.0000000000000002e-01   5.4033124741409166e-01
   9.7499999999999998e-01   5.3186707080365148e-01
   1.0500000000000000e+00   5.2338040714124645e-01
   1.1250000000000000e+00   5.1489337766783039e-01
   1.2000000000000000e+00   5.0642254598510350e-01
   1.2749999999999999e+00   4.9798003471127811e-01
   1.3500000000000001e+00   4.8957440255061963e-01
   1.4250000000000000e+00   4.8121080903037949e-01
   1.5000000000000000e+00   4.7289367420783407e-01
   1.5750000000000000e+00   4.6462387780934700e-01
   1.6499999999999999e+00   4.5640126484422511e-01
   1.7250000000000001e+00   4.4822434520340182e-01
   1.8000000000000000e+00   4.4009048569606618e-01
   1.8750000000000000e+00   4.3199604627890709e-01
   1.9500000000000000e+00   4.2393648470373885e-01
   2.0249999999999999e+00   4.1590641266315148e-01
   2.1000000000000001e+00   4.0789962449381950e-01
   2.1749999999999998e+00   3.9990909306760569e-01
   2.2500000000000000e+00   3.9192693372507381e-01
   2.3250000000000002e+00   3.8394433735076378e-01
   2.3999999999999999e+00   3.7595146160348153e-01
   2.4750000000000001e+00   3.6793728466502257e-01
   2.5499999999999998e+00   3.5988939734635406e-01
   2.6250000000000000e+00   3.5179373885557241e-01
   2.7000000000000002e+00   3.4363423259948328e-01
   2.7749999999999999e+00   3.3539230607392456e-01
   2.8500000000000001e+00   3.2704624169374757e-01
   2.9249999999999998e+00   3.1857035984599108e-01
   3.0000000000000000e+00   3.0993350266104991e-01
