   0.0000000000000000e+00   0.0000000000000000e+00
   3.6609540879362995e-02   4.1226348397108314e-02
   7.3219081758725990e-02   3.9865113130520761e-02
   1.0982862263808900e-01   2.7994913212200500e-02
   1.4643816351745198e-01   4.6977492586046089e-02
   1.8304770439681495e-01   4.2854289384683650e-02
   2.1965724527617800e-01   4.5940421820789681e-02
   2.5626678615554094e-01   5.4255215264943292e-02
   2.9287632703490396e-01   5.1617965628983631e-02
   3.2948586791426687e-01   6.1058135826134792e-02
   3.6609540879362990e-01   5.5418365523063111e-02
   4.0270494967299292e-01   5.5960119209307504e-02
   4.3931449055235600e-01   5.3192754646337541e-02
   4.7592403143171880e-01   5.1576318037884455e-02
   5.1253357231108188e-01   5.1525830878948048e-02
   5.4914311319044484e-01   4.9753224283716008e-02
   5.8575265406980792e-01   4.9069454329453373e-02
   6.2236219494917089e-01   4.8659571677284477e-02
   6.5897173582853374e-01   4.6840741947610863e-02
   6.9558127670789682e-01   4.6549657004380449e-02
   7.3219081758725979e-01   4.2728236767235639e-02
   7.6880035846662276e-01   4.2139311109481450e-02
   8.0540989934598584e-01   3.8284361929526625e-02
   8.4201944022534880e-01   3.7643290510425545e-02
   8.7862898110471199e-01   3.6331928034786382e-02
   9.1523852198407485e-01   3.3764417186853857e-02
   9.5184806286343759e-01   3.3967035192965088e-02
   9.8845760374280078e-01   3.1391124102201545e-02
   1.0250671446221638e+00   3.1262829979183386e-02
   1.0616766855015267e+00   3.0580598780331661e-02
   1.0982862263808897e+00   2.8571230393588314e-02
   1.1348957672602527e+00   2.9830794804838624e-02
   1.1715053081396158e+00   2.9034397663847578e-02
   1.2081148490189786e+00   3.0480699165378149e-02
   1.2447243898983418e+00   3.1944512586429892e-02
   1.2813339307777045e+00   3.5389353785368387e-02
   1.3179434716570675e+00   3.6718608315007249e-02
   1.3545530125364307e+00   3.9692057686629381e-02
   1.3911625534157936e+00   4.3854612353183144e-02
   1.4277720942951566e+00   4.4925134679075399e-02
   1.4643816351745196e+00   5.1243363207839926e-02
   1.5009911760538828e+00   5.0832256929255436e-02
   1.5376007169332455e+00   5.4890957601164414e-02
   1.5742102578126085e+00   5.8547327587214100e-02
   1.6108197986919717e+00   5.8433977791680886e-02
   1.6474293395713346e+00   6.5638570924423129e-02
   1.6840388804506976e+00   6.5022338562087001e-02
   1.7206484213300608e+00   6.6938108251638595e-02
   1.7572579622094240e+00   6.8584785993056410e-02
   1.7938675030887865e+00   6.6974084533759068e-02
   1.8304770439681497e+00   6.8579000314798425e-02
   1.8670865848475124e+00   6.6600127449935251e-02
   1.9036961257268752e+00   6.6474674476127552e-02
   1.9403056666062384e+00   6.6649929259257404e-02
   1.9769152074856016e+00   6.5617817372959658e-02
   2.0135247483649645e+00   6.6333202823000814e-02
   2.0501342892443275e+00   6.4444656628884364e-02
   2.0867438301236905e+00   6.3574586477783024e-02
   2.1233533710030534e+00   6.0560818510415060e-02
   2.1599629118824164e+00   5.9936446257544997e-02
   2.1965724527617794e+00   5.7401726853561277e-02
   2.2331819936411428e+00   5.5354009353324317e-02
   2.2697915345205053e+00   5.5547395511575975e-02
   2.3064010753998687e+00   5.2761068996390735e-02
   2.3430106162792317e+00   5.3962216953881537e-02
   2.3796201571585947e+00   5.3550315385114226e-02
   2.4162296980379572e+00   5.6000801676610541e-02
   2.4528392389173201e+00   5.8051991427046083e-02
   2.4894487797966836e+00   6.4161916835869068e-02
