   0.0000000000000000e+00  -1.3608997996769356e-01
   3.6609540879362995e-02   2.3281285402717763e-01
   7.3219081758725990e-02   4.0600465122740115e-01
   1.0982862263808900e-01   4.1457215222308735e-01
   1.4643816351745198e-01   4.3255955710327709e-01
   1.8304770439681495e-01   4.3871904869617456e-01
   2.1965724527617800e-01   4.4173142013899452e-01
   2.5626678615554094e-01   4.5441898656427099e-01
   2.9287632703490396e-01   4.5630441652057852e-01
   3.2948586791426687e-01   4.6652264399453847e-01
   3.6609540879362990e-01   4.7316747726628805e-01
   4.0270494967299292e-01   4.7575534744039472e-01
   4.3931449055235600e-01   4.8541540046734510e-01
   4.7592403143171880e-01   4.8492052626500748e-01
   5.1253357231108188e-01   4.8965193476046837e-01
   5.4914311319044484e-01   4.9214320521538019e-01
   5.8575265406980792e-01   4.9264000130352698e-01
   6.2236219494917089e-01   4.9879352536679489e-01
   6.5897173582853374e-01   4.9871007734750361e-01
   6.9558127670789682e-01   5.0198839097883718e-01
   7.3219081758725979e-01   5.0442185128192363e-01
   7.6880035846662276e-01   5.0402545330275239e-01
   8.0540989934598584e-01   5.0669766507000513e-01
   8.4201944022534880e-01   5.0599339606040483e-01
   8.7862898110471199e-01   5.0581926097357577e-01
   9.1523852198407485e-01   5.0593818323089301e-01
   9.5184806286343759e-01   5.0532851917586674e-01
   9.8845760374280078e-01   5.0521411159846141e-01
   1.0250671446221638e+00   5.0411069321974622e-01
   1.0616766855015267e+00   5.0330285480554304e-01
   1.0982862263808897e+00   5.0039160014260753e-01
   1.1348957672602527e+00   5.0049951605403076e-01
   1.1715053081396158e+00   4.9571721119048284e-01
   1.2081148490189786e+00   4.9470473078458627e-01
   1.2447243898983418e+00   4.9419240424163646e-01
   1.2813339307777045e+00   4.8931058905797414e-01
   1.3179434716570675e+00   4.9075810173701095e-01
   1.3545530125364307e+00   4.8777112956538227e-01
   1.3911625534157936e+00   4.8899956747647788e-01
   1.4277720942951566e+00   4.8982378833261264e-01
   1.4643816351745196e+00   4.8887652793396602e-01
   1.5009911760538828e+00   4.9109565588945098e-01
   1.5376007169332455e+00   4.9123245125193965e-01
   1.5742102578126085e+00   4.9331026893655028e-01
   1.6108197986919717e+00   4.9480226134864375e-01
   1.6474293395713346e+00   4.9729463132835566e-01
   1.6840388804506976e+00   5.0051620575070299e-01
   1.7206484213300608e+00   5.0262637957882561e-01
   1.7572579622094240e+00   5.0903903575691978e-01
   1.7938675030887865e+00   5.0950157967631959e-01
   1.8304770439681497e+00   5.1434226021043261e-01
   1.8670865848475124e+00   5.1551973937984386e-01
   1.9036961257268752e+00   5.1658048670465773e-01
   1.9403056666062384e+00   5.2006335724080421e-01
   1.9769152074856016e+00   5.2017498648431026e-01
   2.0135247483649645e+00   5.2341776392842920e-01
   2.0501342892443275e+00   5.2539749020404036e-01
   2.0867438301236905e+00   5.2575658440550366e-01
   2.1233533710030534e+00   5.2936725303947962e-01
   2.1599629118824164e+00   5.2824387127764860e-01
   2.1965724527617794e+00   5.2889782866277624e-01
   2.2331819936411428e+00   5.2769773322527214e-01
   2.2697915345205053e+00   5.2693858573944063e-01
   2.3064010753998687e+00   5.2404823571251513e-01
   2.3430106162792317e+00   5.2327365465349041e-01
   2.3796201571585947e+00   5.2034538485051296e-01
   2.4162296980379572e+00   5.1619924337069856e-01
   2.4528392389173201e+00   5.1693492200183266e-01
   2.4894487797966836e+00   5.0990270450539377e-01
