   0.0000000000000000e+00   1.9499995266190364e+00
   3.6609540879362995e-02   7.9356841097845177e-01
   7.3219081758725990e-02   5.0288246571455408e-01
   1.0982862263808900e-01   4.6405885738682673e-01
   1.4643816351745198e-01   4.1955160714169476e-01
   1.8304770439681495e-01   3.9173605580388055e-01
   2.1965724527617800e-01   3.7749047613830428e-01
   2.5626678615554094e-01   3.5464534211756721e-01
   2.9287632703490396e-01   3.4074839408481422e-01
   3.2948586791426687e-01   3.3907895940534571e-01
   3.6609540879362990e-01   3.1015237474188218e-01
   4.0270494967299292e-01   3.0720259907004410e-01
   4.3931449055235600e-01   2.9245679497569460e-01
   4.7592403143171880e-01   2.8481200465298523e-01
   5.1253357231108188e-01   2.8328968135330318e-01
   5.4914311319044484e-01   2.7580018580315091e-01
   5.8575265406980792e-01   2.7104884159951675e-01
   6.2236219494917089e-01   2.7078003058004163e-01
   6.5897173582853374e-01   2.6204282359084441e-01
   6.9558127670789682e-01   2.6491420832179463e-01
   7.3219081758725979e-01   2.5565079005056757e-01
   7.6880035846662276e-01   2.5232005130991020e-01
   8.0540989934598584e-01   2.5287051388085635e-01
   8.4201944022534880e-01   2.4799995366818664e-01
   8.7862898110471199e-01   2.4716326211170822e-01
   9.1523852198407485e-01   2.4735811659595222e-01
   9.5184806286343759e-01   2.4403462556900743e-01
   9.8845760374280078e-01   2.4871874481425427e-01
   1.0250671446221638e+00   2.4301011865095609e-01
   1.0616766855015267e+00   2.4398449495907956e-01
   1.0982862263808897e+00   2.4318826035647889e-01
   1.1348957672602527e+00   2.3993392765056407e-01
   1.1715053081396158e+00   2.4316904174490447e-01
   1.2081148490189786e+00   2.4027630247235388e-01
   1.2447243898983418e+00   2.3904209239510638e-01
   1.2813339307777045e+00   2.4180703490560554e-01
   1.3179434716570675e+00   2.3860563164881812e-01
   1.3545530125364307e+00   2.4129734924859222e-01
   1.3911625534157936e+00   2.3810552366793339e-01
   1.4277720942951566e+00   2.3667931654663477e-01
   1.4643816351745196e+00   2.3667588125051889e-01
   1.5009911760538828e+00   2.3426307056654300e-01
   1.5376007169332455e+00   2.3395635312714652e-01
   1.5742102578126085e+00   2.3275981223695991e-01
   1.6108197986919717e+00   2.3227899185562834e-01
   1.6474293395713346e+00   2.3474839429292302e-01
   1.6840388804506976e+00   2.3429135474914739e-01
   1.7206484213300608e+00   2.3632107943895139e-01
   1.7572579622094240e+00   2.4009895355751204e-01
   1.7938675030887865e+00   2.3924944115164312e-01
   1.8304770439681497e+00   2.4627237671929103e-01
   1.8670865848475124e+00   2.4551447897580111e-01
   1.9036961257268752e+00   2.4711113033640492e-01
   1.9403056666062384e+00   2.5300799492221260e-01
   1.9769152074856016e+00   2.5138139312579733e-01
   2.0135247483649645e+00   2.5756285052033651e-01
   2.0501342892443275e+00   2.5827164999245422e-01
   2.0867438301236905e+00   2.5833908346719942e-01
   2.1233533710030534e+00   2.6493562543679317e-01
   2.1599629118824164e+00   2.6193744840320538e-01
   2.1965724527617794e+00   2.6625413934199116e-01
   2.2331819936411428e+00   2.6616590857880629e-01
   2.2697915345205053e+00   2.6477185507132950e-01
   2.3064010753998687e+00   2.6890289492460206e-01
   2.3430106162792317e+00   2.6658268681564545e-01
   2.3796201571585947e+00   2.6831919255976866e-01
   2.4162296980379572e+00   2.6909203823847522e-01
   2.4528392389173201e+00   2.6717398685248483e-01
   2.4894487797966836e+00   2.7096007778466757e-01
