   0.0000000000000000e+00   0.0000000000000000e+00
   3.6609540879362995e-02  -2.4718684647337366e+00
   7.3219081758725990e-02   1.5133848932925770e-01
   1.0982862263808900e-01   1.2466094879762424e-01
   1.4643816351745198e-01   1.8459141225925130e-01
   1.8304770439681495e-01   1.8030342893321957e-01
   2.1965724527617800e-01   1.8482471607584972e-01
   2.5626678615554094e-01   2.2187181137015385e-01
   2.9287632703490396e-01   2.1110083664570781e-01
   3.2948586791426687e-01   2.4393218333601158e-01
   3.6609540879362990e-01   2.3553440251064581e-01
   4.0270494967299292e-01   2.4013311614925048e-01
   4.3931449055235600e-01   2.5320333208688678e-01
   4.7592403143171880e-01   2.4588413800050091e-01
   5.1253357231108188e-01   2.6091111645568787e-01
   5.4914311319044484e-01   2.6268099078047707e-01
   5.8575265406980792e-01   2.6050847783648018e-01
   6.2236219494917089e-01   2.7720150744175648e-01
   6.5897173582853374e-01   2.7002613718745888e-01
   6.9558127670789682e-01   2.7995045222749443e-01
   7.3219081758725979e-01   2.7883511002329919e-01
   7.6880035846662276e-01   2.7607873845671338e-01
   8.0540989934598584e-01   2.8559154222448296e-01
   8.4201944022534880e-01   2.8091157036535497e-01
   8.7862898110471199e-01   2.8306749191170949e-01
   9.1523852198407485e-01   2.8843905929450619e-01
   9.5184806286343759e-01   2.8488191020457371e-01
   9.8845760374280078e-01   2.9480639085513333e-01
   1.0250671446221638e+00   2.8975285671774620e-01
   1.0616766855015267e+00   2.9199084380167456e-01
   1.0982862263808897e+00   2.9430815176111236e-01
   1.1348957672602527e+00   2.9020509982862636e-01
   1.1715053081396158e+00   2.9625571813212731e-01
   1.2081148490189786e+00   2.9309707222878562e-01
   1.2447243898983418e+00   2.9174081609010649e-01
   1.2813339307777045e+00   2.9635844904111308e-01
   1.3179434716570675e+00   2.9206153030776516e-01
   1.3545530125364307e+00   2.9585196763307436e-01
   1.3911625534157936e+00   2.9120454161814036e-01
   1.4277720942951566e+00   2.8916155009790839e-01
   1.4643816351745196e+00   2.8815466683073959e-01
   1.5009911760538828e+00   2.8473045965925831e-01
   1.5376007169332455e+00   2.8379680941392871e-01
   1.5742102578126085e+00   2.8138401477920433e-01
   1.6108197986919717e+00   2.8067894501468055e-01
   1.6474293395713346e+00   2.8369405378615453e-01
   1.6840388804506976e+00   2.8259584723997450e-01
   1.7206484213300608e+00   2.8537453913722727e-01
   1.7572579622094240e+00   2.8978872870736216e-01
   1.7938675030887865e+00   2.8813612095747881e-01
   1.8304770439681497e+00   2.9753450035045187e-01
   1.8670865848475124e+00   2.9532335324717329e-01
   1.9036961257268752e+00   2.9695780108182274e-01
   1.9403056666062384e+00   3.0376057544662050e-01
   1.9769152074856016e+00   3.0062087413269833e-01
   2.0135247483649645e+00   3.0831321187434557e-01
   2.0501342892443275e+00   3.0682737551659012e-01
   2.0867438301236905e+00   3.0591658828923324e-01
   2.1233533710030534e+00   3.1174323281519106e-01
   2.1599629118824164e+00   3.0605756758772557e-01
   2.1965724527617794e+00   3.0942510444416549e-01
   2.2331819936411428e+00   3.0503479357862351e-01
   2.2697915345205053e+00   3.0200037558113968e-01
   2.3064010753998687e+00   3.0228383915370549e-01
   2.3430106162792317e+00   2.9708023538021533e-01
   2.3796201571585947e+00   2.9692544801659976e-01
   2.4162296980379572e+00   2.9178013639046457e-01
   2.4528392389173201e+00   2.8812766641441939e-01
   2.4894487797966836e+00   2.8617014269610053e-01
