   0.0000000000000000e+00  -1.8592629506355474e-01
   3.6609540879362995e-02   2.6640492047116493e+00
   7.3219081758725990e-02   2.0584988702870524e-01
   1.0982862263808900e-01   2.2282224566841757e-01
   1.4643816351745198e-01   2.6580453768481621e-01
   1.8304770439681495e-01   2.8367268193891831e-01
   2.1965724527617800e-01   2.9570502838405915e-01
   2.5626678615554094e-01   3.3092860800187224e-01
   2.9287632703490396e-01   3.3712385273813922e-01
   3.2948586791426687e-01   3.5828642945035555e-01
   3.6609540879362990e-01   3.8159829572995441e-01
   4.0270494967299292e-01   3.8822968207396341e-01
   4.3931449055235600e-01   4.1653854988645250e-01
   4.7592403143171880e-01   4.1921472239173585e-01
   5.1253357231108188e-01   4.3640714220946469e-01
   5.4914311319044484e-01   4.4924040571835128e-01
   5.8575265406980792e-01   4.5386941247702617e-01
   6.2236219494917089e-01   4.7634877583023127e-01
   6.5897173582853374e-01   4.8182154453980308e-01
   6.9558127670789682e-01   4.9170657894348052e-01
   7.3219081758725979e-01   5.0974606402882905e-01
   7.6880035846662276e-01   5.1232277928944803e-01
   8.0540989934598584e-01   5.3076440220480947e-01
   8.4201944022534880e-01   5.3388220257601204e-01
   8.7862898110471199e-01   5.4171065377563343e-01
   9.1523852198407485e-01   5.5583480419987152e-01
   9.5184806286343759e-01   5.5762169674425710e-01
   9.8845760374280078e-01   5.7098777770140741e-01
   1.0250671446221638e+00   5.7928389229607424e-01
   1.0616766855015267e+00   5.8351769149909927e-01
   1.0982862263808897e+00   6.0031864865695828e-01
   1.1348957672602527e+00   6.0095314336946049e-01
   1.1715053081396158e+00   6.1392695797591446e-01
   1.2081148490189786e+00   6.1994266990737901e-01
   1.2447243898983418e+00   6.2304162855241352e-01
   1.2813339307777045e+00   6.3827929479496048e-01
   1.3179434716570675e+00   6.3983019134328900e-01
   1.3545530125364307e+00   6.4884473558327349e-01
   1.3911625534157936e+00   6.5906790022881034e-01
   1.4277720942951566e+00   6.6009839547021709e-01
   1.4643816351745196e+00   6.7381533617352274e-01
   1.5009911760538828e+00   6.7347003143098527e-01
   1.5376007169332455e+00   6.7792898175863692e-01
   1.5742102578126085e+00   6.8313612439866034e-01
   1.6108197986919717e+00   6.8316187811279205e-01
   1.6474293395713346e+00   6.8728017561029908e-01
   1.6840388804506976e+00   6.9000365283970233e-01
   1.7206484213300608e+00   6.9141939099380223e-01
   1.7572579622094240e+00   6.9875765113525334e-01
   1.7938675030887865e+00   7.0081603079608334e-01
   1.8304770439681497e+00   7.0775811696497459e-01
   1.8670865848475124e+00   7.1302111366832011e-01
   1.9036961257268752e+00   7.1701521966303483e-01
   1.9403056666062384e+00   7.2811193965091148e-01
   1.9769152074856016e+00   7.3030366324620832e-01
   2.0135247483649645e+00   7.3945873621839098e-01
   2.0501342892443275e+00   7.4911723938041441e-01
   2.0867438301236905e+00   7.5256693252753137e-01
   2.1233533710030534e+00   7.6971859905801399e-01
   2.1599629118824164e+00   7.7097023443559076e-01
   2.1965724527617794e+00   7.8272376898483198e-01
   2.2331819936411428e+00   7.9332182360909220e-01
   2.2697915345205053e+00   7.9437455245382649e-01
   2.3064010753998687e+00   8.1105954848507811e-01
   2.3430106162792317e+00   8.1249152817205894e-01
   2.3796201571585947e+00   8.1957966227167001e-01
   2.4162296980379572e+00   8.3203048729687046e-01
   2.4528392389173201e+00   8.3149806742428678e-01
   2.4894487797966836e+00   8.4808560233078145e-01
