   0.0000000000000000e+00   0.0000000000000000e+00
   3.6609540879362995e-02   1.8870622455766045e-01
   7.3219081758725990e-02   7.1010207953248975e-03
   1.0982862263808900e-01   9.2339175218899248e-03
   1.4643816351745198e-01   3.1512933982881144e-02
   1.8304770439681495e-01   3.2384648569336490e-02
   2.1965724527617800e-01   3.6910929872239519e-02
   2.5626678615554094e-01   5.1350965983315434e-02
   2.9287632703490396e-01   4.8872780611896385e-02
   3.2948586791426687e-01   6.0539279060878318e-02
   3.6609540879362990e-01   5.9263987393090620e-02
   4.0270494967299292e-01   6.1923180922822119e-02
   4.3931449055235600e-01   6.8402696271850347e-02
   4.7592403143171880e-01   6.5792377469779131e-02
   5.1253357231108188e-01   7.0455619049977394e-02
   5.4914311319044484e-01   7.0027361101834176e-02
   5.8575265406980792e-01   6.9444999344569519e-02
   6.2236219494917089e-01   7.3183027881665891e-02
   6.5897173582853374e-01   7.1392005668636474e-02
   6.9558127670789682e-01   7.3201994141874324e-02
   7.3219081758725979e-01   7.2458434754315099e-02
   7.6880035846662276e-01   7.2056993453427143e-02
   8.0540989934598584e-01   7.3784019193541675e-02
   8.4201944022534880e-01   7.2864987775879284e-02
   8.7862898110471199e-01   7.3343574143640983e-02
   9.1523852198407485e-01   7.4268151575337296e-02
   9.5184806286343759e-01   7.3733046680816525e-02
   9.8845760374280078e-01   7.5120879408964364e-02
   1.0250671446221638e+00   7.4363758362146648e-02
   1.0616766855015267e+00   7.4591734132863324e-02
   1.0982862263808897e+00   7.4395005364458561e-02
   1.1348957672602527e+00   7.4328374242571243e-02
   1.1715053081396158e+00   7.4818310668748569e-02
   1.2081148490189786e+00   7.5088953622307303e-02
   1.2447243898983418e+00   7.5732658955264792e-02
   1.2813339307777045e+00   7.7995146110359626e-02
   1.3179434716570675e+00   7.8585737876136777e-02
   1.3545530125364307e+00   8.0929390055366535e-02
   1.3911625534157936e+00   8.4030539501118592e-02
   1.4277720942951566e+00   8.4843895611663556e-02
   1.4643816351745196e+00   9.0598773832250637e-02
   1.5009911760538828e+00   9.0377190409477032e-02
   1.5376007169332455e+00   9.3451112919819002e-02
   1.5742102578126085e+00   9.6927193412362236e-02
   1.6108197986919717e+00   9.7303503428006408e-02
   1.6474293395713346e+00   1.0484862398922737e-01
   1.6840388804506976e+00   1.0544508822811756e-01
   1.7206484213300608e+00   1.0757383065155920e-01
   1.7572579622094240e+00   1.1232437116537766e-01
   1.7938675030887865e+00   1.1175418300753764e-01
   1.8304770439681497e+00   1.1956281816311347e-01
   1.8670865848475124e+00   1.1958225157181626e-01
   1.9036961257268752e+00   1.2196609771789867e-01
   1.9403056666062384e+00   1.3003029745304920e-01
   1.9769152074856016e+00   1.2766462835652542e-01
   2.0135247483649645e+00   1.3416629358112320e-01
   2.0501342892443275e+00   1.3286147242647994e-01
   2.0867438301236905e+00   1.3096640359715234e-01
   2.1233533710030534e+00   1.3075528177465140e-01
   2.1599629118824164e+00   1.2670627910839158e-01
   2.1965724527617794e+00   1.2230393578392143e-01
   2.2331819936411428e+00   1.1510534270974138e-01
   2.2697915345205053e+00   1.1411104076663933e-01
   2.3064010753998687e+00   1.0544413295075770e-01
   2.3430106162792317e+00   1.0576636437828252e-01
   2.3796201571585947e+00   1.0473276338689595e-01
   2.4162296980379572e+00   1.0544590019117522e-01
   2.4528392389173201e+00   1.0715132073809072e-01
   2.4894487797966836e+00   1.1220556011507107e-01
