   0.0000000000000000e+00   2.8224493111271493e-01
   3.6609540879362995e-02   5.4548447695823243e-01
   7.3219081758725990e-02   4.8974838076563371e-01
   1.0982862263808900e-01   4.9802380551148312e-01
   1.4643816351745198e-01   4.9070601183497170e-01
   1.8304770439681495e-01   4.9557681168595896e-01
   2.1965724527617800e-01   4.9909872272746425e-01
   2.5626678615554094e-01   5.0500106705729497e-01
   2.9287632703490396e-01   5.0810132222783289e-01
   3.2948586791426687e-01   5.1156426839707836e-01
   3.6609540879362990e-01   5.1879687637226557e-01
   4.0270494967299292e-01   5.2035266513065226e-01
   4.3931449055235600e-01   5.2825985287976174e-01
   4.7592403143171880e-01   5.2991031145691603e-01
   5.1253357231108188e-01   5.3815268122581161e-01
   5.4914311319044484e-01   5.4205128927221358e-01
   5.8575265406980792e-01   5.4257052931180028e-01
   6.2236219494917089e-01   5.4837322432346669e-01
   6.5897173582853374e-01   5.4952013277105660e-01
   6.9558127670789682e-01   5.5183742481358000e-01
   7.3219081758725979e-01   5.5588835825949057e-01
   7.6880035846662276e-01   5.5636382581236787e-01
   8.0540989934598584e-01   5.6006944136586534e-01
   8.4201944022534880e-01   5.6080496637176069e-01
   8.7862898110471199e-01   5.6220703262998284e-01
   9.1523852198407485e-01   5.6498755627308006e-01
   9.5184806286343759e-01   5.6527633121910914e-01
   9.8845760374280078e-01   5.6750081133234487e-01
   1.0250671446221638e+00   5.6895394386516096e-01
   1.0616766855015267e+00   5.6925806988789307e-01
   1.0982862263808897e+00   5.7101842825651328e-01
   1.1348957672602527e+00   5.7122267901890800e-01
   1.1715053081396158e+00   5.7074929682864606e-01
   1.2081148490189786e+00   5.7111307175159332e-01
   1.2447243898983418e+00   5.7105174293824834e-01
   1.2813339307777045e+00   5.6956790459090689e-01
   1.3179434716570675e+00   5.7053425985835049e-01
   1.3545530125364307e+00   5.6875573688929315e-01
   1.3911625534157936e+00   5.6994318114670917e-01
   1.4277720942951566e+00   5.7066007521392415e-01
   1.4643816351745196e+00   5.7036377902887681e-01
   1.5009911760538828e+00   5.7228368306632449e-01
   1.5376007169332455e+00   5.7218879836826853e-01
   1.5742102578126085e+00   5.7367539901789466e-01
   1.6108197986919717e+00   5.7497722321470646e-01
   1.6474293395713346e+00   5.7574684666182596e-01
   1.6840388804506976e+00   5.7892526136021438e-01
   1.7206484213300608e+00   5.7966754719797930e-01
   1.7572579622094240e+00   5.8372286686858166e-01
   1.7938675030887865e+00   5.8538461337660619e-01
   1.8304770439681497e+00   5.8651632578268365e-01
   1.8670865848475124e+00   5.9038093360463129e-01
   1.9036961257268752e+00   5.9306374832781283e-01
   1.9403056666062384e+00   5.9978809967836832e-01
   1.9769152074856016e+00   6.0200350804688185e-01
   2.0135247483649645e+00   6.0960797153040180e-01
   2.0501342892443275e+00   6.1735388062174790e-01
   2.0867438301236905e+00   6.1987481903051900e-01
   2.1233533710030534e+00   6.3412745908637658e-01
   2.1599629118824164e+00   6.3264137208510296e-01
   2.1965724527617794e+00   6.3979354268985889e-01
   2.2331819936411428e+00   6.4238873682923148e-01
   2.2697915345205053e+00   6.4032703946295444e-01
   2.3064010753998687e+00   6.4002477142567915e-01
   2.3430106162792317e+00   6.3792077558102178e-01
   2.3796201571585947e+00   6.3496409433048429e-01
   2.4162296980379572e+00   6.3043936729483219e-01
   2.4528392389173201e+00   6.3112211994581480e-01
   2.4894487797966836e+00   6.2578760887574136e-01
