   0.0000000000000000e+00   0.0000000000000000e+00
   3.6609540879362995e-02   5.7095758064146789e-02
   7.3219081758725990e-02  -3.7880488403582223e-03
   1.0982862263808900e-01  -1.3239069594313195e-03
   1.4643816351745198e-01   1.5974686057543496e-02
   1.8304770439681495e-01   1.6819971450767107e-02
   2.1965724527617800e-01   2.0102115451443695e-02
   2.5626678615554094e-01   3.0371761338444488e-02
   2.9287632703490396e-01   2.8714497067518240e-02
   3.2948586791426687e-01   3.6817451305189715e-02
   3.6609540879362990e-01   3.6199840917181529e-02
   4.0270494967299292e-01   3.7869824569937087e-02
   4.3931449055235600e-01   4.2080964556293857e-02
   4.7592403143171880e-01   4.0459723683604280e-02
   5.1253357231108188e-01   4.2731390918612534e-02
   5.4914311319044484e-01   4.2771424401855850e-02
   5.8575265406980792e-01   4.2712248045521047e-02
   6.2236219494917089e-01   4.5587602311405691e-02
   6.5897173582853374e-01   4.4743173829621515e-02
   6.9558127670789682e-01   4.6136772483642188e-02
   7.3219081758725979e-01   4.6529654513682329e-02
   7.6880035846662276e-01   4.6394169950970982e-02
   8.0540989934598584e-01   4.8416971841443612e-02
   8.4201944022534880e-01   4.8086740538266268e-02
   8.7862898110471199e-01   4.8899438823912227e-02
   9.1523852198407485e-01   5.0429317804549539e-02
   9.5184806286343759e-01   5.0245269867471180e-02
   9.8845760374280078e-01   5.2276458792686165e-02
   1.0250671446221638e+00   5.2505039050386039e-02
   1.0616766855015267e+00   5.3120750947796336e-02
   1.0982862263808897e+00   5.5006641636859435e-02
   1.1348957672602527e+00   5.4768119257192369e-02
   1.1715053081396158e+00   5.6761865484510433e-02
   1.2081148490189786e+00   5.7303651284805315e-02
   1.2447243898983418e+00   5.7615258353946132e-02
   1.2813339307777045e+00   5.9685980751871405e-02
   1.3179434716570675e+00   5.9827404657851961e-02
   1.3545530125364307e+00   6.0738351440990164e-02
   1.3911625534157936e+00   6.2312030127738123e-02
   1.4277720942951566e+00   6.2893902928525314e-02
   1.4643816351745196e+00   6.5583899286866004e-02
   1.5009911760538828e+00   6.6436400490969563e-02
   1.5376007169332455e+00   6.9747306927227110e-02
   1.5742102578126085e+00   7.4623240246371195e-02
   1.6108197986919717e+00   7.5610976929455370e-02
   1.6474293395713346e+00   8.5372342466692702e-02
   1.6840388804506976e+00   8.7100295011643653e-02
   1.7206484213300608e+00   9.0988309893634989e-02
   1.7572579622094240e+00   9.9399690837460447e-02
   1.7938675030887865e+00   9.7744003313588651e-02
   1.8304770439681497e+00   1.0821207946426389e-01
   1.8670865848475124e+00   1.0711223378149383e-01
   1.9036961257268752e+00   1.0814837437977781e-01
   1.9403056666062384e+00   1.1375513717793287e-01
   1.9769152074856016e+00   1.1070836467432404e-01
   2.0135247483649645e+00   1.1340737372610558e-01
   2.0501342892443275e+00   1.0941785973168874e-01
   2.0867438301236905e+00   1.0683957440875107e-01
   2.1233533710030534e+00   1.0030670390435134e-01
   2.1599629118824164e+00   9.8564535119865820e-02
   2.1965724527617794e+00   9.1776358347438219e-02
   2.2331819936411428e+00   8.7082798724590432e-02
   2.2697915345205053e+00   8.8394063961207289e-02
   2.3064010753998687e+00   8.6247352580300321e-02
   2.3430106162792317e+00   8.9376305216984878e-02
   2.3796201571585947e+00   9.3396404775452219e-02
   2.4162296980379572e+00   1.0270910623727653e-01
   2.4528392389173201e+00   1.0358760536923452e-01
   2.4894487797966836e+00   1.1730360083321001e-01
