   0.0000000000000000e+00   4.1192900530015941e-01
   3.6609540879362995e-02   5.0828970450025945e-01
   7.3219081758725990e-02   5.0574514987011610e-01
   1.0982862263808900e-01   5.1237731228386518e-01
   1.4643816351745198e-01   5.0613959667167729e-01
   1.8304770439681495e-01   5.0989920291000024e-01
   2.1965724527617800e-01   5.1211073283787101e-01
   2.5626678615554094e-01   5.1583881547911437e-01
   2.9287632703490396e-01   5.1791702236896997e-01
   3.2948586791426687e-01   5.1992324908391807e-01
   3.6609540879362990e-01   5.2460154819369798e-01
   4.0270494967299292e-01   5.2570014889535721e-01
   4.3931449055235600e-01   5.3088910723535665e-01
   4.7592403143171880e-01   5.3170142681161003e-01
   5.1253357231108188e-01   5.3580356857936928e-01
   5.4914311319044484e-01   5.3774281886243180e-01
   5.8575265406980792e-01   5.3815899709462911e-01
   6.2236219494917089e-01   5.4075438401776965e-01
   6.5897173582853374e-01   5.4160020749489535e-01
   6.9558127670789682e-01   5.4240587904614368e-01
   7.3219081758725979e-01   5.4442596012222433e-01
   7.6880035846662276e-01   5.4483580404077325e-01
   8.0540989934598584e-01   5.4609846622198732e-01
   8.4201944022534880e-01   5.4670752243816967e-01
   8.7862898110471199e-01   5.4728469828014825e-01
   9.1523852198407485e-01   5.4822570797037851e-01
   9.5184806286343759e-01   5.4870196208068578e-01
   9.8845760374280078e-01   5.4894595421331105e-01
   1.0250671446221638e+00   5.5014259926830045e-01
   1.0616766855015267e+00   5.5022234660672875e-01
   1.0982862263808897e+00   5.5107090162581640e-01
   1.1348957672602527e+00   5.5162063109057868e-01
   1.1715053081396158e+00   5.5157410950247654e-01
   1.2081148490189786e+00   5.5232989825251411e-01
   1.2447243898983418e+00   5.5262857212892491e-01
   1.2813339307777045e+00   5.5254081852862202e-01
   1.3179434716570675e+00   5.5315139429714977e-01
   1.3545530125364307e+00   5.5223675719787924e-01
   1.3911625534157936e+00   5.5248162873295970e-01
   1.4277720942951566e+00   5.5249307734521536e-01
   1.4643816351745196e+00   5.4930394085731293e-01
   1.5009911760538828e+00   5.5073262241840615e-01
   1.5376007169332455e+00   5.4781475534114765e-01
   1.5742102578126085e+00   5.4659284799592023e-01
   1.6108197986919717e+00   5.4841482394711083e-01
   1.6474293395713346e+00   5.4612433419763307e-01
   1.6840388804506976e+00   5.4997907179477346e-01
   1.7206484213300608e+00   5.5062184371287759e-01
   1.7572579622094240e+00   5.5549274561842543e-01
   1.7938675030887865e+00   5.5810940993806835e-01
   1.8304770439681497e+00   5.6268200624372977e-01
   1.8670865848475124e+00   5.6732268836673772e-01
   1.9036961257268752e+00   5.7098930660962355e-01
   1.9403056666062384e+00   5.8081579634756375e-01
   1.9769152074856016e+00   5.8188536461488338e-01
   2.0135247483649645e+00   5.9066450728476427e-01
   2.0501342892443275e+00   5.9655372949411611e-01
   2.0867438301236905e+00   5.9758166531751356e-01
   2.1233533710030534e+00   6.0726310348321533e-01
   2.1599629118824164e+00   6.0426482488001410e-01
   2.1965724527617794e+00   6.0522668903941756e-01
   2.2331819936411428e+00   6.0171471238175933e-01
   2.2697915345205053e+00   5.9983938641255585e-01
   2.3064010753998687e+00   5.9008113142852181e-01
   2.3430106162792317e+00   5.9020788965230908e-01
   2.3796201571585947e+00   5.8576524576628020e-01
   2.4162296980379572e+00   5.8333776737615961e-01
   2.4528392389173201e+00   5.8680774601737695e-01
   2.4894487797966836e+00   5.8724137808231391e-01
