   0.0000000000000000e+00   8.4797040011598368e-01
   2.5847585912918336e-01   7.7325986614306730e-01
   5.1695171825836672e-01   8.3568108227248450e-01
   7.7542757738755019e-01   8.5812382931818332e-01
   1.0339034365167334e+00   9.1737367871228614e-01
   1.2923792956459170e+00   8.6904717800814135e-01
   1.5508551547751004e+00   8.4187957387734480e-01
   1.8093310139042840e+00   7.5941466819083225e-01
   2.0678068730334669e+00   6.1870253446878487e-01
   2.3262827321626505e+00   5.4667460428632664e-01
   2.5847585912918341e+00   4.8436765388944764e-01
   2.8432344504210172e+00   4.3955855172218439e-01
   3.1017103095502008e+00   3.8991019377087344e-01
   3.3601861686793839e+00   3.7111158286515006e-01
   3.6186620278085679e+00   3.3837316588322153e-01
   3.8771378869377506e+00   3.2018896930164359e-01
   4.1356137460669338e+00   2.9510078933126466e-01
   4.3940896051961174e+00   2.6042950226204237e-01
   4.6525654643253009e+00   2.3934806511256784e-01
   4.9110413234544845e+00   2.2757650516248887e-01
   5.1695171825836681e+00   2.1354878212535866e-01
   5.4279930417128508e+00   2.0707571797425905e-01
   5.6864689008420344e+00   1.9916852694769521e-01
   5.9449447599712189e+00   1.8287315248916666e-01
   6.2034206191004015e+00   1.6859432305451574e-01
   6.4618964782295851e+00   1.5345431184627684e-01
   6.7203723373587678e+00   1.4353786982360978e-01
   6.9788481964879523e+00   1.2916513017695858e-01
   7.2373240556171359e+00   1.2353745383670005e-01
   7.4957999147463168e+00   1.1669900988560010e-01
   7.7542757738755013e+00   1.1716907324337283e-01
   8.0127516330046848e+00   1.2292594041873070e-01
   8.2712274921338675e+00   1.3443002069205132e-01
   8.5297033512630520e+00   1.5205661055633374e-01
   8.7881792103922347e+00   1.6152787977888536e-01
   9.0466550695214174e+00   2.3556829272794180e-01
   9.3051309286506019e+00   3.2857294210492910e-01
   9.5636067877797846e+00   4.0982871640872914e-01
   9.8220826469089690e+00   8.5815315975401352e-01
   1.0080558506038152e+01   9.0646214161749217e-01
   1.0339034365167336e+01   9.1728322660183825e-01
   1.0597510224296519e+01   5.1707501627714669e-01
   1.0855986083425702e+01   6.8840738629342291e-01
   1.1114461942554884e+01   7.4690810546327036e-01
   1.1372937801684069e+01   1.0452362593473274e+00
   1.1631413660813253e+01   1.1737671644822389e+00
   1.1889889519942438e+01   1.1740103623783171e+00
   1.2148365379071619e+01   1.2127794282431574e+00
   1.2406841238200803e+01   1.2139832369678891e+00
   1.2665317097329986e+01   1.4925812123645763e+00
   1.2923792956459170e+01   1.4447866230100708e+00
   1.3182268815588353e+01   1.3114341479313505e+00
   1.3440744674717536e+01   1.0177674129644840e+00
   1.3699220533846718e+01   6.8409659121968591e-01
   1.3957696392975905e+01   5.3594381114833622e-01
   1.4216172252105087e+01   5.1467101256497627e-01
   1.4474648111234272e+01   4.2877652161087892e-01
   1.4733123970363453e+01   3.7527763865873731e-01
   1.4991599829492634e+01   4.5802797253934141e-01
   1.5250075688621818e+01   3.7098844618858667e-01
   1.5508551547751003e+01   3.2780278088824377e-01
   1.5767027406880187e+01   2.5762811226134491e-01
   1.6025503266009370e+01   1.6151984693715951e-01
   1.6283979125138554e+01   1.2772038522209803e-01
   1.6542454984267735e+01   1.3847409206938208e-01
   1.6800930843396920e+01   1.2973259592550290e-01
   1.7059406702526104e+01   1.4684815182986677e-01
   1.7317882561655292e+01   1.8026649960699101e-01
   1.7576358420784469e+01   1.9009457797301499e-01
   1.7834834279913657e+01   3.3859692077887915e-01
   1.8093310139042835e+01   3.6464727884567816e-01
   1.8351785998172023e+01   3.8049123853070249e-01
   1.8610261857301204e+01   4.5523526543620862e-01
   1.8868737716430385e+01   4.9141989708245776e-01
   1.9127213575559569e+01   5.7173831446694567e-01
   1.9385689434688754e+01   9.4178845215380003e-01
   1.9644165293817938e+01   1.1498384515832532e+00
   1.9902641152947123e+01   1.2050750574678066e+00
