   0.0000000000000000e+00   8.9188281093862487e-01
   3.7793182466140640e-01   8.6283712142997238e-01
   7.5586364932281280e-01   8.8350147114207489e-01
   1.1337954739842193e+00   9.2651347577366694e-01
   1.5117272986456256e+00   9.7379606220242776e-01
   1.8896591233070321e+00   9.0499999723145208e-01
   2.2675909479684386e+00   8.2637869209810511e-01
   2.6455227726298451e+00   7.0462816164055542e-01
   3.0234545972912512e+00   5.9313856672960708e-01
   3.4013864219526573e+00   5.3818697526100656e-01
   3.7793182466140642e+00   5.0356676737899830e-01
   4.1572500712754703e+00   4.6909635803193561e-01
   4.5351818959368773e+00   4.3023558131551992e-01
   4.9131137205982833e+00   4.0497305568597930e-01
   5.2910455452596903e+00   3.6878469542580111e-01
   5.6689773699210955e+00   3.4929800247352016e-01
   6.0469091945825024e+00   3.2046252247015050e-01
   6.4248410192439085e+00   2.9825960045219074e-01
   6.8027728439053146e+00   2.7372578422109051e-01
   7.1807046685667224e+00   2.4752480890130474e-01
   7.5586364932281285e+00   2.3011521308358801e-01
   7.9365683178895345e+00   2.1196839670258596e-01
   8.3145001425509406e+00   1.9905188803230481e-01
   8.6924319672123485e+00   1.8692065852555989e-01
   9.0703637918737545e+00   1.7612371262068449e-01
   9.4482956165351606e+00   1.6691957988597664e-01
   9.8262274411965667e+00   1.5837247263312576e-01
   1.0204159265857975e+01   1.5115813415031695e-01
   1.0582091090519381e+01   1.4523008071346077e-01
   1.0960022915180783e+01   1.3933757215439171e-01
   1.1337954739842191e+01   1.3476928214635098e-01
   1.1715886564503599e+01   1.3090058063311547e-01
   1.2093818389165005e+01   1.2910240765237549e-01
   1.2471750213826413e+01   1.2849528762899592e-01
   1.2849682038487817e+01   1.3081489165602062e-01
   1.3227613863149221e+01   1.3489055120730259e-01
   1.3605545687810629e+01   1.4287468834878403e-01
   1.3983477512472037e+01   1.3889960619618108e-01
   1.4361409337133445e+01   1.5076659029956110e-01
   1.4739341161794849e+01   1.5178834762904028e-01
   1.5117272986456257e+01   1.3093701305073605e-01
   1.5495204811117661e+01   1.2791195325176163e-01
   1.5873136635779069e+01   1.2531447544964042e-01
   1.6251068460440475e+01   1.3238130828001424e-01
   1.6629000285101881e+01   1.5013252173329153e-01
   1.7006932109763287e+01   1.5300003940960394e-01
   1.7384863934424697e+01   1.2346879927723670e-01
   1.7762795759086099e+01   9.7267032807880030e-02
   1.8140727583747509e+01   9.8659242615576528e-02
   1.8518659408408912e+01   1.1128718121602507e-01
   1.8896591233070321e+01   1.3195819757360325e-01
   1.9274523057731727e+01   1.3784721371363626e-01
   1.9652454882393133e+01   1.3311416514392263e-01
