   0.0000000000000000e+00   8.0875561355151515e-01
   1.9877097502597091e-01   7.1226136688226382e-01
   3.9754195005194182e-01   7.3167720030555317e-01
   5.9631292507791278e-01   7.5205465978754615e-01
   7.9508390010388363e-01   7.9083246016940612e-01
   9.9385487512985449e-01   7.7444826710897596e-01
   1.1926258501558256e+00   7.5698845602389009e-01
   1.3913968251817965e+00   7.7256429047726838e-01
   1.5901678002077673e+00   6.7158498095193531e-01
   1.7889387752337380e+00   6.6248426515334013e-01
   1.9877097502597090e+00   5.9341778711367177e-01
   2.1864807252856799e+00   4.6166399769430017e-01
   2.3852517003116511e+00   4.2593409930572701e-01
   2.5840226753376219e+00   3.4825392872462713e-01
   2.7827936503635931e+00   3.1682205871203323e-01
   2.9815646253895633e+00   3.0539618406310187e-01
   3.1803356004155345e+00   2.7441101896885889e-01
   3.3791065754415053e+00   2.5526741277091725e-01
   3.5778775504674760e+00   2.4564661738157662e-01
   3.7766485254934472e+00   2.2016424478163155e-01
   3.9754195005194179e+00   2.0730772627399649e-01
   4.1741904755453891e+00   1.9367455019884025e-01
   4.3729614505713599e+00   1.7465185064448460e-01
   4.5717324255973315e+00   1.7112163423184151e-01
   4.7705034006233022e+00   1.7277646004082928e-01
   4.9692743756492730e+00   1.6137900130816757e-01
   5.1680453506752437e+00   1.7173825869031950e-01
   5.3668163257012154e+00   1.6294024030747592e-01
   5.5655873007271861e+00   1.5311087291678943e-01
   5.7643582757531551e+00   1.5923129693872995e-01
   5.9631292507791267e+00   2.2245219637962754e-01
   6.1619002258050983e+00   2.5585970401810476e-01
   6.3606712008310691e+00   2.5659879987439776e-01
   6.5594421758570398e+00   3.0042272142197801e-01
   6.7582131508830106e+00   2.7417429539506055e-01
   6.9569841259089804e+00   2.9772050147076989e-01
   7.1557551009349520e+00   3.3481205192358510e-01
   7.3545260759609237e+00   4.6075492338053081e-01
   7.5532970509868944e+00   8.5583533540383572e-01
   7.7520680260128652e+00   9.9456525055027578e-01
   7.9508390010388359e+00   1.2135808922348648e+00
   8.1496099760648057e+00   1.2059982159808420e+00
   8.3483809510907783e+00   1.0124944256746191e+00
   8.5471519261167472e+00   1.1808388247174244e+00
   8.7459229011427198e+00   1.1081061231438825e+00
   8.9446938761686905e+00   1.1415752701092285e+00
   9.1434648511946630e+00   1.0793325634499866e+00
   9.3422358262206320e+00   9.5329314090851358e-01
   9.5410068012466045e+00   9.4553165253981974e-01
   9.7397777762725735e+00   1.0893728546471020e+00
   9.9385487512985460e+00   1.1036067572151400e+00
   1.0137319726324515e+01   1.0961500775883117e+00
   1.0336090701350487e+01   1.1270479282720898e+00
   1.0534861676376456e+01   9.9691343851893754e-01
   1.0733632651402431e+01   1.0147148551545655e+00
   1.0932403626428400e+01   1.0305691314992769e+00
   1.1131174601454372e+01   1.0548997957587374e+00
   1.1329945576480341e+01   1.0212169875600281e+00
   1.1528716551506310e+01   1.0345796410745975e+00
   1.1727487526532281e+01   1.0022002244057011e+00
   1.1926258501558253e+01   9.9812807208866072e-01
   1.2125029476584224e+01   1.0009407779249264e+00
   1.2323800451610197e+01   1.0927304131493456e+00
   1.2522571426636166e+01   1.1448673577735251e+00
   1.2721342401662138e+01   1.1834308620167728e+00
   1.2920113376688109e+01   1.2423388186210633e+00
   1.3118884351714080e+01   1.1664456069312721e+00
   1.3317655326740054e+01   1.1662794679625039e+00
   1.3516426301766021e+01   1.1617868097924431e+00
   1.3715197276791994e+01   1.2255075946590699e+00
   1.3913968251817961e+01   1.1590812799138186e+00
   1.4112739226843937e+01   1.1988022544838721e+00
   1.4311510201869904e+01   1.1723631605371105e+00
   1.4510281176895873e+01   1.1062412975977920e+00
   1.4709052151921847e+01   1.0879180418008256e+00
   1.4907823126947816e+01   1.0887412719890097e+00
   1.5106594101973789e+01   1.0672993446366399e+00
   1.5305365076999760e+01   1.0253432688149406e+00
   1.5504136052025730e+01   1.0866016463812125e+00
   1.5702907027051699e+01   9.2857663725990680e-01
   1.5901678002077672e+01   8.5392244323056288e-01
   1.6100448977103643e+01   8.3424486041814450e-01
   1.6299219952129611e+01   8.9650147499771726e-01
   1.6497990927155584e+01   1.2508549552991541e+00
   1.6696761902181557e+01   1.2999002136709328e+00
   1.6895532877207529e+01   1.2073697013914175e+00
   1.7094303852233494e+01   1.0775440042824618e+00
   1.7293074827259467e+01   7.6197437885555985e-01
   1.7491845802285440e+01   6.8074375136674536e-01
   1.7690616777311408e+01   6.7210033200956643e-01
   1.7889387752337381e+01   9.4023384012093725e-01
   1.8088158727363350e+01   8.8016279092268845e-01
   1.8286929702389326e+01   8.0305650556050123e-01
   1.8485700677415295e+01   8.2189753745573668e-01
   1.8684471652441264e+01   4.8689938944322647e-01
   1.8883242627467236e+01   4.6194935382490965e-01
   1.9082013602493209e+01   4.4494463223554359e-01
   1.9280784577519174e+01   3.9571861381757051e-01
   1.9479555552545147e+01   3.8304672267706219e-01
   1.9678326527571119e+01   3.7253820505587437e-01
   1.9877097502597092e+01   3.5922923436760507e-01
