   0.0000000000000000e+00   8.0875561355151515e-01
   1.1992722668362230e-01   7.1226136688226382e-01
   2.3985445336724459e-01   7.3167720030555317e-01
   3.5978168005086691e-01   7.5205465978754615e-01
   4.7970890673448918e-01   7.9083246016940612e-01
   5.9963613341811151e-01   7.7444826710897596e-01
   7.1956336010173383e-01   7.5698845602389009e-01
   8.3949058678535615e-01   7.7256429047726838e-01
   9.5941781346897836e-01   6.7158498095193531e-01
   1.0793450401526006e+00   6.6248426515334013e-01
   1.1992722668362230e+00   5.9341778711367177e-01
   1.3191994935198452e+00   4.6166399769430017e-01
   1.4391267202034677e+00   4.2593409930572701e-01
   1.5590539468870899e+00   3.4825392872462713e-01
   1.6789811735707123e+00   3.1682205871203323e-01
   1.7989084002543343e+00   3.0539618406310187e-01
   1.9188356269379567e+00   2.7441101896885889e-01
   2.0387628536215789e+00   2.5526741277091725e-01
   2.1586900803052012e+00   2.4564661738157662e-01
   2.2786173069888238e+00   2.2016424478163155e-01
   2.3985445336724460e+00   2.0730772627399649e-01
   2.5184717603560682e+00   1.9367455019884025e-01
   2.6383989870396904e+00   1.7465185064448460e-01
   2.7583262137233131e+00   1.7112163423184151e-01
   2.8782534404069353e+00   1.7277646004082928e-01
   2.9981806670905575e+00   1.6137900130816757e-01
   3.1181078937741797e+00   1.7173825869031950e-01
   3.2380351204578024e+00   1.6294024030747592e-01
   3.3579623471414246e+00   1.5311087291678943e-01
   3.4778895738250459e+00   1.5923129693872995e-01
   3.5978168005086686e+00   2.2245219637962754e-01
   3.7177440271922912e+00   2.5585970401810476e-01
   3.8376712538759135e+00   2.5659879987439776e-01
   3.9575984805595361e+00   3.0042272142197801e-01
   4.0775257072431579e+00   2.7417429539506055e-01
   4.1974529339267797e+00   2.9772050147076989e-01
   4.3173801606104023e+00   3.3481205192358510e-01
   4.4373073872940250e+00   4.6075492338053081e-01
   4.5572346139776476e+00   8.5583533540383572e-01
   4.6771618406612694e+00   9.9456525055027578e-01
   4.7970890673448920e+00   1.2135808922348648e+00
   4.9170162940285138e+00   1.2059982159808420e+00
   5.0369435207121365e+00   1.0124944256746191e+00
   5.1568707473957582e+00   1.1808388247174244e+00
   5.2767979740793809e+00   1.1081061231438825e+00
   5.3967252007630035e+00   1.1415752701092285e+00
   5.5166524274466262e+00   1.0793325634499866e+00
   5.6365796541302480e+00   9.5329314090851358e-01
   5.7565068808138706e+00   9.4553165253981974e-01
   5.8764341074974924e+00   1.0893728546471020e+00
   5.9963613341811151e+00   1.1036067572151400e+00
   6.1162885608647368e+00   1.0961500775883117e+00
   6.2362157875483595e+00   1.1270479282720898e+00
   6.3561430142319812e+00   9.9691343851893754e-01
   6.4760702409156048e+00   1.0147148551545655e+00
   6.5959974675992266e+00   1.0305691314992769e+00
   6.7159246942828492e+00   1.0548997957587374e+00
   6.8358519209664710e+00   1.0212169875600281e+00
   6.9557791476500919e+00   1.0345796410745975e+00
   7.0757063743337145e+00   1.0022002244057011e+00
   7.1956336010173372e+00   9.9812807208866072e-01
   7.3155608277009598e+00   1.0009407779249264e+00
   7.4354880543845825e+00   1.0927304131493456e+00
   7.5554152810682043e+00   1.1448673577735251e+00
   7.6753425077518269e+00   1.1834308620167728e+00
   7.7952697344354496e+00   1.2423388186210633e+00
   7.9151969611190722e+00   1.1664456069312721e+00
   8.0351241878026958e+00   1.1662794679625039e+00
   8.1550514144863158e+00   1.1617868097924431e+00
   8.2749786411699393e+00   1.2255075946590699e+00
   8.3949058678535593e+00   1.1590812799138186e+00
   8.5148330945371846e+00   1.1988022544838721e+00
   8.6347603212208046e+00   1.1723631605371105e+00
   8.7546875479044264e+00   1.1062412975977920e+00
   8.8746147745880499e+00   1.0879180418008256e+00
   8.9945420012716717e+00   1.0887412719890097e+00
   9.1144692279552952e+00   1.0672993446366399e+00
   9.2343964546389170e+00   1.0253432688149406e+00
   9.3543236813225388e+00   1.0866016463812125e+00
   9.4742509080061605e+00   9.2857663725990680e-01
   9.5941781346897841e+00   8.5392244323056288e-01
   9.7141053613734059e+00   8.3424486041814450e-01
   9.8340325880570276e+00   8.9650147499771726e-01
   9.9539598147406512e+00   1.2508549552991541e+00
   1.0073887041424273e+01   1.2999002136709328e+00
   1.0193814268107896e+01   1.2073697013914175e+00
   1.0313741494791516e+01   1.0775440042824618e+00
   1.0433668721475140e+01   7.6197437885555985e-01
   1.0553595948158762e+01   6.8074375136674536e-01
   1.0673523174842384e+01   6.7210033200956643e-01
   1.0793450401526007e+01   9.4023384012093725e-01
   1.0913377628209629e+01   8.8016279092268845e-01
   1.1033304854893252e+01   8.0305650556050123e-01
   1.1153232081576874e+01   8.2189753745573668e-01
   1.1273159308260496e+01   4.8689938944322647e-01
   1.1393086534944118e+01   4.6194935382490965e-01
   1.1513013761627741e+01   4.4494463223554359e-01
   1.1632940988311361e+01   3.9571861381757051e-01
   1.1752868214994985e+01   3.8304672267706219e-01
   1.1872795441678608e+01   3.7253820505587437e-01
   1.1992722668362230e+01   3.5922923436760507e-01
   1.2112649895045854e+01   3.3666774857064535e-01
   1.2232577121729474e+01   3.1297436261874162e-01
   1.2352504348413097e+01   2.9362814932855624e-01
   1.2472431575096719e+01   2.7504208274416608e-01
   1.2592358801780341e+01   2.6761209480482784e-01
   1.2712286028463962e+01   2.7002501646073424e-01
   1.2832213255147586e+01   2.6962064296483312e-01
   1.2952140481831210e+01   2.9611049166547915e-01
   1.3072067708514831e+01   2.8682708034551541e-01
   1.3191994935198453e+01   2.9959852631551898e-01
   1.3311922161882075e+01   3.3454686861374400e-01
   1.3431849388565698e+01   3.4624085683323291e-01
   1.3551776615249318e+01   3.8539933971085821e-01
   1.3671703841932942e+01   4.1702466477442385e-01
   1.3791631068616564e+01   3.8313105787306051e-01
   1.3911558295300184e+01   3.8245031089936143e-01
   1.4031485521983807e+01   4.3975556697639390e-01
   1.4151412748667429e+01   4.5313953122953343e-01
   1.4271339975351053e+01   5.1775919170279716e-01
   1.4391267202034674e+01   5.5798594635049148e-01
   1.4511194428718298e+01   5.9249020420619603e-01
   1.4631121655401920e+01   5.6311150860917558e-01
   1.4751048882085543e+01   6.4066860558900363e-01
   1.4870976108769165e+01   7.0093167674459400e-01
   1.4990903335452785e+01   7.1774083961632418e-01
   1.5110830562136409e+01   9.0158105896150442e-01
   1.5230757788820030e+01   1.0337397890497111e+00
   1.5350685015503654e+01   1.0976443535037916e+00
   1.5470612242187276e+01   1.3176684907070408e+00
   1.5590539468870899e+01   1.2756831063517922e+00
   1.5710466695554521e+01   1.2257505077221029e+00
   1.5830393922238144e+01   9.5710077788293713e-01
   1.5950321148921766e+01   8.5247945172235051e-01
   1.6070248375605392e+01   7.0438958470250801e-01
   1.6190175602289010e+01   5.6838660380160988e-01
   1.6310102828972632e+01   6.9287933909851473e-01
   1.6430030055656253e+01   6.8238470699033016e-01
   1.6549957282339879e+01   6.2719329005671443e-01
   1.6669884509023497e+01   6.1009526055267216e-01
   1.6789811735707119e+01   4.5595532718273180e-01
   1.6909738962390744e+01   4.4231551757490095e-01
   1.7029666189074369e+01   3.8670829574785087e-01
   1.7149593415757991e+01   3.7970373083181791e-01
   1.7269520642441609e+01   3.8011875958982988e-01
   1.7389447869125231e+01   2.2709432397608020e-01
   1.7509375095808853e+01   2.2395069342483379e-01
   1.7629302322492475e+01   2.2229417026167364e-01
   1.7749229549176100e+01   2.3154123320114495e-01
   1.7869156775859725e+01   2.4446184535811391e-01
   1.7989084002543343e+01   2.9750460575507742e-01
   1.8109011229226965e+01   3.2430539709767658e-01
   1.8228938455910590e+01   4.1430741734972376e-01
   1.8348865682594212e+01   6.7594160524697688e-01
   1.8468792909277834e+01   7.2267894760020335e-01
   1.8588720135961456e+01   9.6901224504775929e-01
   1.8708647362645078e+01   1.1778461532196549e+00
   1.8828574589328696e+01   1.1007052471930330e+00
   1.8948501816012321e+01   1.2366709910689677e+00
   1.9068429042695946e+01   1.0405886039971251e+00
   1.9188356269379568e+01   7.6913998854571186e-01
   1.9308283496063190e+01   7.4547835188324385e-01
   1.9428210722746812e+01   5.8388903716796792e-01
   1.9548137949430437e+01   5.2241292527886829e-01
   1.9668065176114055e+01   4.7975592454604216e-01
   1.9787992402797677e+01   4.2195086324222203e-01
   1.9907919629481302e+01   3.8964041453522180e-01
