   0.0000000000000000e+00   9.2120131951112239e-01
   5.3339750778011530e-01   1.0562375002455553e+00
   1.0667950155602306e+00   1.2294855774274320e+00
   1.6001925233403460e+00   1.1777057604733987e+00
   2.1335900311204612e+00   1.0757111721031620e+00
   2.6669875389005768e+00   9.7472102922026482e-01
   3.2003850466806920e+00   7.0683824492149983e-01
   3.7337825544608076e+00   6.7037038521905112e-01
   4.2671800622409224e+00   6.1167894285553726e-01
   4.8005775700210371e+00   5.7412015311923714e-01
   5.3339750778011537e+00   5.3164998045989753e-01
   5.8673725855812684e+00   4.9192336613133208e-01
   6.4007700933613840e+00   4.5628623356784781e-01
   6.9341676011414988e+00   4.2181827053671117e-01
   7.4675651089216153e+00   3.9745072306605761e-01
   8.0009626167017291e+00   3.6606168176783227e-01
   8.5343601244818448e+00   3.3567797233378599e-01
   9.0677576322619604e+00   3.1160942773176858e-01
   9.6011551400420743e+00   2.8652618871372121e-01
   1.0134552647822192e+01   2.6703373606973202e-01
   1.0667950155602307e+01   2.4655066994155797e-01
   1.1201347663382421e+01   2.2836740739664177e-01
   1.1734745171162537e+01   2.1280330352626781e-01
   1.2268142678942654e+01   1.9943295415046966e-01
   1.2801540186722768e+01   1.8795324403633176e-01
   1.3334937694502884e+01   1.7736107493506659e-01
   1.3868335202282998e+01   1.6786180080111376e-01
   1.4401732710063115e+01   1.6001647293757920e-01
   1.4935130217843231e+01   1.5308423197437762e-01
   1.5468527725623341e+01   1.4728963768920925e-01
   1.6001925233403458e+01   1.4281055494898601e-01
   1.6535322741183574e+01   1.3961445403279282e-01
   1.7068720248963690e+01   1.3837255305338711e-01
   1.7602117756743805e+01   1.4015898695351300e-01
   1.8135515264523921e+01   1.4548437330839648e-01
   1.8668912772304033e+01   1.5102340824129118e-01
   1.9202310280084149e+01   1.5005957785600890e-01
   1.9735707787864268e+01   1.5099100177123106e-01
