   0.0000000000000000e+00   8.9188281093862487e-01
   1.1992722668362230e-01   8.6283712142997238e-01
   2.3985445336724459e-01   8.8350147114207489e-01
   3.5978168005086691e-01   9.2651347577366694e-01
   4.7970890673448918e-01   9.7379606220242776e-01
   5.9963613341811151e-01   9.0499999723145208e-01
   7.1956336010173383e-01   8.2637869209810511e-01
   8.3949058678535615e-01   7.0462816164055542e-01
   9.5941781346897836e-01   5.9313856672960708e-01
   1.0793450401526006e+00   5.3818697526100656e-01
   1.1992722668362230e+00   5.0356676737899830e-01
   1.3191994935198452e+00   4.6909635803193561e-01
   1.4391267202034677e+00   4.3023558131551992e-01
   1.5590539468870899e+00   4.0497305568597930e-01
   1.6789811735707123e+00   3.6878469542580111e-01
   1.7989084002543343e+00   3.4929800247352016e-01
   1.9188356269379567e+00   3.2046252247015050e-01
   2.0387628536215789e+00   2.9825960045219074e-01
   2.1586900803052012e+00   2.7372578422109051e-01
   2.2786173069888238e+00   2.4752480890130474e-01
   2.3985445336724460e+00   2.3011521308358801e-01
   2.5184717603560682e+00   2.1196839670258596e-01
   2.6383989870396904e+00   1.9905188803230481e-01
   2.7583262137233131e+00   1.8692065852555989e-01
   2.8782534404069353e+00   1.7612371262068449e-01
   2.9981806670905575e+00   1.6691957988597664e-01
   3.1181078937741797e+00   1.5837247263312576e-01
   3.2380351204578024e+00   1.5115813415031695e-01
   3.3579623471414246e+00   1.4523008071346077e-01
   3.4778895738250459e+00   1.3933757215439171e-01
   3.5978168005086686e+00   1.3476928214635098e-01
   3.7177440271922912e+00   1.3090058063311547e-01
   3.8376712538759135e+00   1.2910240765237549e-01
   3.9575984805595361e+00   1.2849528762899592e-01
   4.0775257072431579e+00   1.3081489165602062e-01
   4.1974529339267797e+00   1.3489055120730259e-01
   4.3173801606104023e+00   1.4287468834878403e-01
   4.4373073872940250e+00   1.3889960619618108e-01
   4.5572346139776476e+00   1.5076659029956110e-01
   4.6771618406612694e+00   1.5178834762904028e-01
   4.7970890673448920e+00   1.3093701305073605e-01
   4.9170162940285138e+00   1.2791195325176163e-01
   5.0369435207121365e+00   1.2531447544964042e-01
   5.1568707473957582e+00   1.3238130828001424e-01
   5.2767979740793809e+00   1.5013252173329153e-01
   5.3967252007630035e+00   1.5300003940960394e-01
   5.5166524274466262e+00   1.2346879927723670e-01
   5.6365796541302480e+00   9.7267032807880030e-02
   5.7565068808138706e+00   9.8659242615576528e-02
   5.8764341074974924e+00   1.1128718121602507e-01
   5.9963613341811151e+00   1.3195819757360325e-01
   6.1162885608647368e+00   1.3784721371363626e-01
   6.2362157875483595e+00   1.3311416514392263e-01
   6.3561430142319812e+00   1.3211679892311770e-01
   6.4760702409156048e+00   1.4751010821893909e-01
   6.5959974675992266e+00   1.6507814223725625e-01
   6.7159246942828492e+00   1.4777228545064322e-01
   6.8358519209664710e+00   1.2879801521769543e-01
   6.9557791476500919e+00   7.8125278669804718e-02
   7.0757063743337145e+00   4.7747995245482344e-02
   7.1956336010173372e+00   3.5870677104496117e-02
   7.3155608277009598e+00   3.2620898870692486e-02
   7.4354880543845825e+00   3.7532425617200479e-02
   7.5554152810682043e+00   3.6710218311279595e-02
   7.6753425077518269e+00   5.3242195541139806e-02
   7.7952697344354496e+00   4.9135461811504626e-02
   7.9151969611190722e+00   6.4981727456163652e-02
   8.0351241878026958e+00   7.3405658340482710e-02
   8.1550514144863158e+00   6.9446101588348616e-02
   8.2749786411699393e+00   9.5284224720752986e-02
   8.3949058678535593e+00   8.5290080166870064e-02
   8.5148330945371846e+00   1.1222026682823528e-01
   8.6347603212208046e+00   1.3506494145359724e-01
   8.7546875479044264e+00   1.3981646463744901e-01
   8.8746147745880499e+00   2.4076006411241532e-01
   8.9945420012716717e+00   2.6105760979111831e-01
   9.1144692279552952e+00   3.5542896641326144e-01
   9.2343964546389170e+00   5.9465438640803681e-01
   9.3543236813225388e+00   5.7132658290856708e-01
   9.4742509080061605e+00   9.7845970271933991e-01
   9.5941781346897841e+00   9.5980445010019144e-01
   9.7141053613734059e+00   8.7364688823765635e-01
   9.8340325880570276e+00   2.0550834534241007e+00
   9.9539598147406512e+00   1.6943981288670378e+00
   1.0073887041424273e+01   2.0766875022278328e+00
   1.0193814268107896e+01   2.0950803286467696e+00
   1.0313741494791516e+01   1.0240510078508096e+00
   1.0433668721475140e+01   1.2458513280170023e+00
   1.0553595948158762e+01   8.9853588829794206e-01
   1.0673523174842384e+01   9.2256938823607704e-01
   1.0793450401526007e+01   1.0027286441816752e+00
   1.0913377628209629e+01   8.5158320116476571e-01
   1.1033304854893252e+01   9.6934954339033530e-01
   1.1153232081576874e+01   9.1298873395478430e-01
   1.1273159308260496e+01   8.9606449071901195e-01
   1.1393086534944118e+01   9.8832734832390201e-01
   1.1513013761627741e+01   8.8163827026390207e-01
   1.1632940988311361e+01   9.1896002405565624e-01
   1.1752868214994985e+01   9.4985525072418742e-01
   1.1872795441678608e+01   8.6380599801961255e-01
   1.1992722668362230e+01   9.2125983700443814e-01
   1.2112649895045854e+01   9.3077479114599326e-01
   1.2232577121729474e+01   8.9591817659453210e-01
   1.2352504348413097e+01   9.3227541484631016e-01
   1.2472431575096719e+01   9.0617239146922846e-01
   1.2592358801780341e+01   8.9415738778627440e-01
   1.2712286028463962e+01   9.0585211301640844e-01
   1.2832213255147586e+01   8.8526575691717335e-01
   1.2952140481831210e+01   8.9797798666791051e-01
   1.3072067708514831e+01   8.9679792505028799e-01
   1.3191994935198453e+01   8.8902986478272172e-01
   1.3311922161882075e+01   8.9580252801303073e-01
   1.3431849388565698e+01   8.9253542595741497e-01
   1.3551776615249318e+01   8.8931556404023837e-01
   1.3671703841932942e+01   8.9746201788887936e-01
   1.3791631068616564e+01   8.9286816606969610e-01
   1.3911558295300184e+01   8.9053364458745421e-01
   1.4031485521983807e+01   8.9737714096306487e-01
   1.4151412748667429e+01   8.8986238780271409e-01
   1.4271339975351053e+01   8.9167381946584445e-01
   1.4391267202034674e+01   8.9540470050289445e-01
   1.4511194428718298e+01   8.9032676645238196e-01
   1.4631121655401920e+01   8.9330650021724578e-01
   1.4751048882085543e+01   8.9427526480570563e-01
   1.4870976108769165e+01   8.9150250326702374e-01
   1.4990903335452785e+01   8.9335937276047828e-01
   1.5110830562136409e+01   8.9360858029598744e-01
   1.5230757788820030e+01   8.9159354162371052e-01
   1.5350685015503654e+01   8.9350619222227279e-01
   1.5470612242187276e+01   8.9275609065929751e-01
   1.5590539468870899e+01   8.9173870300416280e-01
   1.5710466695554521e+01   8.9393762309989344e-01
   1.5830393922238144e+01   8.9197377157956403e-01
   1.5950321148921766e+01   8.9262207494512991e-01
   1.6070248375605392e+01   8.9366886561756254e-01
   1.6190175602289010e+01   8.9154438058971031e-01
   1.6310102828972632e+01   8.9350028358826572e-01
   1.6430030055656253e+01   8.9282923803071279e-01
   1.6549957282339879e+01   8.9192146587770704e-01
   1.6669884509023497e+01   8.9366762649504849e-01
   1.6789811735707119e+01   8.9224264222818594e-01
   1.6909738962390744e+01   8.9251107760577453e-01
   1.7029666189074369e+01   8.9321438861913927e-01
   1.7149593415757991e+01   8.9219936596414839e-01
   1.7269520642441609e+01   8.9298951853740716e-01
   1.7389447869125231e+01   8.9279226585456661e-01
   1.7509375095808853e+01   8.9235976797696048e-01
   1.7629302322492475e+01   8.9299165558145976e-01
   1.7749229549176100e+01   8.9264034216605515e-01
   1.7869156775859725e+01   8.9261856713058541e-01
   1.7989084002543343e+01   8.9292308238599682e-01
   1.8109011229226965e+01   8.9256679312648102e-01
   1.8228938455910590e+01   8.9278391114158262e-01
   1.8348865682594212e+01   8.9282105783486798e-01
   1.8468792909277834e+01   8.9258610968769703e-01
   1.8588720135961456e+01   8.9280719628769512e-01
   1.8708647362645078e+01   8.9281483624595570e-01
   1.8828574589328696e+01   8.9270138812135447e-01
   1.8948501816012321e+01   8.9278071113077384e-01
   1.9068429042695946e+01   8.9263378420257966e-01
   1.9188356269379568e+01   8.9275277613026205e-01
   1.9308283496063190e+01   8.9275743886319636e-01
   1.9428210722746812e+01   8.9265297809973199e-01
   1.9548137949430437e+01   8.9272751541876105e-01
   1.9668065176114055e+01   8.9279717924490043e-01
   1.9787992402797677e+01   8.9280515036254404e-01
   1.9907919629481302e+01   8.9267667272514584e-01
