   0.0000000000000000e+00   9.4122674746420099e-01
   7.3341897930519817e-01   1.0881271462889610e+00
   1.4668379586103963e+00   1.0485386726040433e+00
   2.2002569379155945e+00   1.0034563735099902e+00
   2.9336759172207927e+00   9.0090969662396547e-01
   3.6670948965259909e+00   8.1253440577620317e-01
   4.4005138758311890e+00   7.5455816814536980e-01
   5.1339328551363872e+00   7.1049415021990736e-01
   5.8673518344415854e+00   6.5457681891825448e-01
   6.6007708137467827e+00   6.0619247912205865e-01
   7.3341897930519817e+00   5.6257548994548046e-01
   8.0676087723571790e+00   5.2388021961782327e-01
   8.8010277516623781e+00   4.8667325651205223e-01
   9.5344467309675753e+00   4.5150750643728194e-01
   1.0267865710272774e+01   4.1634387638689113e-01
   1.1001284689577972e+01   3.8280863869536158e-01
   1.1734703668883171e+01   3.5088325164579176e-01
   1.2468122648188368e+01   3.2266750495638324e-01
   1.3201541627493565e+01   2.9594057332100115e-01
   1.3934960606798766e+01   2.7490724324209381e-01
   1.4668379586103963e+01   2.5349817379588713e-01
   1.5401798565409161e+01   2.3573630092518930e-01
   1.6135217544714358e+01   2.1908507339929195e-01
   1.6868636524019557e+01   2.0468014282040956e-01
   1.7602055503324756e+01   1.9233031677584822e-01
   1.8335474482629955e+01   1.8155424992786948e-01
   1.9068893461935151e+01   1.7182877062147317e-01
   1.9802312441240353e+01   1.6378118782299914e-01
