   0.0000000000000000e+00   8.4797040011598368e-01
   1.1992722668362230e-01   7.7325986614306730e-01
   2.3985445336724459e-01   8.3568108227248450e-01
   3.5978168005086691e-01   8.5812382931818332e-01
   4.7970890673448918e-01   9.1737367871228614e-01
   5.9963613341811151e-01   8.6904717800814135e-01
   7.1956336010173383e-01   8.4187957387734480e-01
   8.3949058678535615e-01   7.5941466819083225e-01
   9.5941781346897836e-01   6.1870253446878487e-01
   1.0793450401526006e+00   5.4667460428632664e-01
   1.1992722668362230e+00   4.8436765388944764e-01
   1.3191994935198452e+00   4.3955855172218439e-01
   1.4391267202034677e+00   3.8991019377087344e-01
   1.5590539468870899e+00   3.7111158286515006e-01
   1.6789811735707123e+00   3.3837316588322153e-01
   1.7989084002543343e+00   3.2018896930164359e-01
   1.9188356269379567e+00   2.9510078933126466e-01
   2.0387628536215789e+00   2.6042950226204237e-01
   2.1586900803052012e+00   2.3934806511256784e-01
   2.2786173069888238e+00   2.2757650516248887e-01
   2.3985445336724460e+00   2.1354878212535866e-01
   2.5184717603560682e+00   2.0707571797425905e-01
   2.6383989870396904e+00   1.9916852694769521e-01
   2.7583262137233131e+00   1.8287315248916666e-01
   2.8782534404069353e+00   1.6859432305451574e-01
   2.9981806670905575e+00   1.5345431184627684e-01
   3.1181078937741797e+00   1.4353786982360978e-01
   3.2380351204578024e+00   1.2916513017695858e-01
   3.3579623471414246e+00   1.2353745383670005e-01
   3.4778895738250459e+00   1.1669900988560010e-01
   3.5978168005086686e+00   1.1716907324337283e-01
   3.7177440271922912e+00   1.2292594041873070e-01
   3.8376712538759135e+00   1.3443002069205132e-01
   3.9575984805595361e+00   1.5205661055633374e-01
   4.0775257072431579e+00   1.6152787977888536e-01
   4.1974529339267797e+00   2.3556829272794180e-01
   4.3173801606104023e+00   3.2857294210492910e-01
   4.4373073872940250e+00   4.0982871640872914e-01
   4.5572346139776476e+00   8.5815315975401352e-01
   4.6771618406612694e+00   9.0646214161749217e-01
   4.7970890673448920e+00   9.1728322660183825e-01
   4.9170162940285138e+00   5.1707501627714669e-01
   5.0369435207121365e+00   6.8840738629342291e-01
   5.1568707473957582e+00   7.4690810546327036e-01
   5.2767979740793809e+00   1.0452362593473274e+00
   5.3967252007630035e+00   1.1737671644822389e+00
   5.5166524274466262e+00   1.1740103623783171e+00
   5.6365796541302480e+00   1.2127794282431574e+00
   5.7565068808138706e+00   1.2139832369678891e+00
   5.8764341074974924e+00   1.4925812123645763e+00
   5.9963613341811151e+00   1.4447866230100708e+00
   6.1162885608647368e+00   1.3114341479313505e+00
   6.2362157875483595e+00   1.0177674129644840e+00
   6.3561430142319812e+00   6.8409659121968591e-01
   6.4760702409156048e+00   5.3594381114833622e-01
   6.5959974675992266e+00   5.1467101256497627e-01
   6.7159246942828492e+00   4.2877652161087892e-01
   6.8358519209664710e+00   3.7527763865873731e-01
   6.9557791476500919e+00   4.5802797253934141e-01
   7.0757063743337145e+00   3.7098844618858667e-01
   7.1956336010173372e+00   3.2780278088824377e-01
   7.3155608277009598e+00   2.5762811226134491e-01
   7.4354880543845825e+00   1.6151984693715951e-01
   7.5554152810682043e+00   1.2772038522209803e-01
   7.6753425077518269e+00   1.3847409206938208e-01
   7.7952697344354496e+00   1.2973259592550290e-01
   7.9151969611190722e+00   1.4684815182986677e-01
   8.0351241878026958e+00   1.8026649960699101e-01
   8.1550514144863158e+00   1.9009457797301499e-01
   8.2749786411699393e+00   3.3859692077887915e-01
   8.3949058678535593e+00   3.6464727884567816e-01
   8.5148330945371846e+00   3.8049123853070249e-01
   8.6347603212208046e+00   4.5523526543620862e-01
   8.7546875479044264e+00   4.9141989708245776e-01
   8.8746147745880499e+00   5.7173831446694567e-01
   8.9945420012716717e+00   9.4178845215380003e-01
   9.1144692279552952e+00   1.1498384515832532e+00
   9.2343964546389170e+00   1.2050750574678066e+00
   9.3543236813225388e+00   1.1548185080620466e+00
   9.4742509080061605e+00   8.1377203756404870e-01
   9.5941781346897841e+00   8.0762869743101451e-01
   9.7141053613734059e+00   7.7999737069673281e-01
   9.8340325880570276e+00   7.6122073861549655e-01
   9.9539598147406512e+00   7.6603519030089262e-01
   1.0073887041424273e+01   9.1027865012174591e-01
   1.0193814268107896e+01   1.1584155408231167e+00
   1.0313741494791516e+01   1.1980239126692724e+00
   1.0433668721475140e+01   1.0014615790378636e+00
   1.0553595948158762e+01   5.4233732751125685e-01
   1.0673523174842384e+01   4.2859437859536137e-01
   1.0793450401526007e+01   4.4058420566335343e-01
   1.0913377628209629e+01   4.8857463972011494e-01
   1.1033304854893252e+01   1.0199260623853654e+00
   1.1153232081576874e+01   1.1290929259469951e+00
   1.1273159308260496e+01   1.2184581940914629e+00
   1.1393086534944118e+01   1.3032132199155433e+00
   1.1513013761627741e+01   8.2517113522832775e-01
   1.1632940988311361e+01   8.6862023128879640e-01
   1.1752868214994985e+01   8.2497290510185795e-01
   1.1872795441678608e+01   7.2004407265626957e-01
   1.1992722668362230e+01   6.3276584840426553e-01
   1.2112649895045854e+01   6.1853961112573219e-01
   1.2232577121729474e+01   6.4537810390654193e-01
   1.2352504348413097e+01   7.5735574547358608e-01
   1.2472431575096719e+01   8.6665310007441854e-01
   1.2592358801780341e+01   7.8351080437765919e-01
   1.2712286028463962e+01   8.4288245961226305e-01
   1.2832213255147586e+01   7.6651871495308777e-01
   1.2952140481831210e+01   7.5078777253452400e-01
   1.3072067708514831e+01   7.1139567892771871e-01
   1.3191994935198453e+01   7.0266551615406492e-01
   1.3311922161882075e+01   7.3199334341327615e-01
   1.3431849388565698e+01   7.5622875807087631e-01
   1.3551776615249318e+01   7.8929402431887341e-01
   1.3671703841932942e+01   6.9109411874812943e-01
   1.3791631068616564e+01   7.4075056810859663e-01
   1.3911558295300184e+01   6.8525381509951155e-01
   1.4031485521983807e+01   8.1246058483263439e-01
   1.4151412748667429e+01   8.3977766993235636e-01
   1.4271339975351053e+01   8.9011771579753063e-01
   1.4391267202034674e+01   9.8404592150623449e-01
   1.4511194428718298e+01   9.2903897951214065e-01
   1.4631121655401920e+01   1.0210631611727456e+00
   1.4751048882085543e+01   9.5914349141136668e-01
   1.4870976108769165e+01   9.4870158454265319e-01
   1.4990903335452785e+01   8.6569278752325385e-01
   1.5110830562136409e+01   9.1359067816536155e-01
   1.5230757788820030e+01   8.7345362082795364e-01
   1.5350685015503654e+01   8.9254659768893363e-01
   1.5470612242187276e+01   9.1286467524774395e-01
   1.5590539468870899e+01   8.9722794471221501e-01
   1.5710466695554521e+01   9.3543624308910456e-01
   1.5830393922238144e+01   9.0738735534883597e-01
   1.5950321148921766e+01   8.9040734280969691e-01
   1.6070248375605392e+01   8.8072657727837000e-01
   1.6190175602289010e+01   8.5669478939647070e-01
   1.6310102828972632e+01   8.6350624568957246e-01
   1.6430030055656253e+01   8.5336479189411252e-01
   1.6549957282339879e+01   8.9954406310991297e-01
   1.6669884509023497e+01   9.1056915021852181e-01
   1.6789811735707119e+01   9.2174996351456162e-01
   1.6909738962390744e+01   9.6307322661884343e-01
   1.7029666189074369e+01   9.0133902901616558e-01
   1.7149593415757991e+01   1.0368249071476423e+00
   1.7269520642441609e+01   9.8901219838400167e-01
   1.7389447869125231e+01   1.0912573447330089e+00
   1.7509375095808853e+01   1.0718134327735926e+00
   1.7629302322492475e+01   1.1002789703115483e+00
   1.7749229549176100e+01   1.1132535343476400e+00
   1.7869156775859725e+01   1.0818158740391397e+00
   1.7989084002543343e+01   1.0026969384715216e+00
   1.8109011229226965e+01   9.6486255863689574e-01
   1.8228938455910590e+01   9.0805651231595408e-01
   1.8348865682594212e+01   9.0960222987155526e-01
   1.8468792909277834e+01   9.1699328334157604e-01
   1.8588720135961456e+01   9.2358528018805930e-01
   1.8708647362645078e+01   9.3316120216107834e-01
   1.8828574589328696e+01   9.2378770743733951e-01
   1.8948501816012321e+01   9.1381154560632405e-01
   1.9068429042695946e+01   8.8653706071621763e-01
   1.9188356269379568e+01   8.8927166430141646e-01
   1.9308283496063190e+01   8.6442749253256912e-01
   1.9428210722746812e+01   8.7306214380468938e-01
   1.9548137949430437e+01   8.5154869898927832e-01
   1.9668065176114055e+01   8.6336257732395350e-01
   1.9787992402797677e+01   8.4875977038657346e-01
   1.9907919629481302e+01   8.5859169559007675e-01
