   0.0000000000000000e+00   9.2120131951112239e-01
   1.1992722668362230e-01   1.0562375002455553e+00
   2.3985445336724459e-01   1.2294855774274320e+00
   3.5978168005086691e-01   1.1777057604733987e+00
   4.7970890673448918e-01   1.0757111721031620e+00
   5.9963613341811151e-01   9.7472102922026482e-01
   7.1956336010173383e-01   7.0683824492149983e-01
   8.3949058678535615e-01   6.7037038521905112e-01
   9.5941781346897836e-01   6.1167894285553726e-01
   1.0793450401526006e+00   5.7412015311923714e-01
   1.1992722668362230e+00   5.3164998045989753e-01
   1.3191994935198452e+00   4.9192336613133208e-01
   1.4391267202034677e+00   4.5628623356784781e-01
   1.5590539468870899e+00   4.2181827053671117e-01
   1.6789811735707123e+00   3.9745072306605761e-01
   1.7989084002543343e+00   3.6606168176783227e-01
   1.9188356269379567e+00   3.3567797233378599e-01
   2.0387628536215789e+00   3.1160942773176858e-01
   2.1586900803052012e+00   2.8652618871372121e-01
   2.2786173069888238e+00   2.6703373606973202e-01
   2.3985445336724460e+00   2.4655066994155797e-01
   2.5184717603560682e+00   2.2836740739664177e-01
   2.6383989870396904e+00   2.1280330352626781e-01
   2.7583262137233131e+00   1.9943295415046966e-01
   2.8782534404069353e+00   1.8795324403633176e-01
   2.9981806670905575e+00   1.7736107493506659e-01
   3.1181078937741797e+00   1.6786180080111376e-01
   3.2380351204578024e+00   1.6001647293757920e-01
   3.3579623471414246e+00   1.5308423197437762e-01
   3.4778895738250459e+00   1.4728963768920925e-01
   3.5978168005086686e+00   1.4281055494898601e-01
   3.7177440271922912e+00   1.3961445403279282e-01
   3.8376712538759135e+00   1.3837255305338711e-01
   3.9575984805595361e+00   1.4015898695351300e-01
   4.0775257072431579e+00   1.4548437330839648e-01
   4.1974529339267797e+00   1.5102340824129118e-01
   4.3173801606104023e+00   1.5005957785600890e-01
   4.4373073872940250e+00   1.5099100177123106e-01
   4.5572346139776476e+00   1.4077851544599840e-01
   4.6771618406612694e+00   1.2902504608610446e-01
   4.7970890673448920e+00   1.2444988279770351e-01
   4.9170162940285138e+00   1.1975278255396164e-01
   5.0369435207121365e+00   1.1050708875876042e-01
   5.1568707473957582e+00   1.0539514660097683e-01
   5.2767979740793809e+00   1.0649390834817916e-01
   5.3967252007630035e+00   1.0253728185214070e-01
   5.5166524274466262e+00   1.0338446411884036e-01
   5.6365796541302480e+00   1.9220959529356660e-01
   5.7565068808138706e+00   2.1884029839369357e-01
   5.8764341074974924e+00   2.1699333094669793e-01
   5.9963613341811151e+00   2.1595594707945828e-01
   6.1162885608647368e+00   1.2983304837690243e-01
   6.2362157875483595e+00   1.0156910413932072e-01
   6.3561430142319812e+00   1.0897442385733329e-01
   6.4760702409156048e+00   1.0639267303231552e-01
   6.5959974675992266e+00   9.9688992673056850e-02
   6.7159246942828492e+00   9.1721194065009198e-02
   6.8358519209664710e+00   8.2669106543301507e-02
   6.9557791476500919e+00   8.8927766253456386e-02
   7.0757063743337145e+00   7.6560698211423028e-02
   7.1956336010173372e+00   6.9076766929091579e-02
   7.3155608277009598e+00   5.2988863198097480e-02
   7.4354880543845825e+00   3.7151778694418873e-02
   7.5554152810682043e+00   3.5563121678889725e-02
   7.6753425077518269e+00   3.1584072996367292e-02
   7.7952697344354496e+00   4.4626214652536980e-02
   7.9151969611190722e+00   4.3405141821027053e-02
   8.0351241878026958e+00   5.8639583360133904e-02
   8.1550514144863158e+00   7.4962453254036526e-02
   8.2749786411699393e+00   7.2806185465463844e-02
   8.3949058678535593e+00   1.1094527386454010e-01
   8.5148330945371846e+00   1.1319545124942818e-01
   8.6347603212208046e+00   1.2601436629940904e-01
   8.7546875479044264e+00   1.8093443684319671e-01
   8.8746147745880499e+00   1.5642833366849637e-01
   8.9945420012716717e+00   2.0714460267802873e-01
   9.1144692279552952e+00   2.2812964211118125e-01
   9.2343964546389170e+00   2.0254575615625559e-01
   9.3543236813225388e+00   2.9128765725039202e-01
   9.4742509080061605e+00   2.7232123583462853e-01
   9.5941781346897841e+00   3.1393839043577998e-01
   9.7141053613734059e+00   4.2213516336093831e-01
   9.8340325880570276e+00   3.8737306476501143e-01
   9.9539598147406512e+00   5.8712856538386327e-01
   1.0073887041424273e+01   6.0977812420104205e-01
   1.0193814268107896e+01   5.8767164451716014e-01
   1.0313741494791516e+01   9.1195795284164982e-01
   1.0433668721475140e+01   7.5951907828496756e-01
   1.0553595948158762e+01   8.8088352481698373e-01
   1.0673523174842384e+01   1.5569732281088586e+00
   1.0793450401526007e+01   1.2887765677262344e+00
   1.0913377628209629e+01   1.7608969894122708e+00
   1.1033304854893252e+01   1.6223308664671268e+00
   1.1153232081576874e+01   1.0771732895391248e+00
   1.1273159308260496e+01   1.3901359036582823e+00
   1.1393086534944118e+01   9.6994103011571231e-01
   1.1513013761627741e+01   9.6330194928386392e-01
   1.1632940988311361e+01   1.1470815556717302e+00
   1.1752868214994985e+01   8.9529150278607750e-01
   1.1872795441678608e+01   9.5067183039673975e-01
   1.1992722668362230e+01   1.0227753257895524e+00
   1.2112649895045854e+01   8.8473816756717627e-01
   1.2232577121729474e+01   9.5806678427215886e-01
   1.2352504348413097e+01   9.5527507332994754e-01
   1.2472431575096719e+01   8.9409880334814773e-01
   1.2592358801780341e+01   9.5895601934458452e-01
   1.2712286028463962e+01   9.2199762976833799e-01
   1.2832213255147586e+01   9.0890579310758146e-01
   1.2952140481831210e+01   9.5013193770369575e-01
   1.3072067708514831e+01   9.1174705025515967e-01
   1.3191994935198453e+01   9.1854003828472253e-01
   1.3311922161882075e+01   9.4054555330341616e-01
   1.3431849388565698e+01   9.1115020729777441e-01
   1.3551776615249318e+01   9.2288509043341194e-01
   1.3671703841932942e+01   9.3479754065966658e-01
   1.3791631068616564e+01   9.1142269063426440e-01
   1.3911558295300184e+01   9.2632748664903353e-01
   1.4031485521983807e+01   9.2936143349497691e-01
   1.4151412748667429e+01   9.1326574776987179e-01
   1.4271339975351053e+01   9.2790127605305039e-01
   1.4391267202034674e+01   9.2455398647199660e-01
   1.4511194428718298e+01   9.1649778334759502e-01
   1.4631121655401920e+01   9.2724472230387289e-01
   1.4751048882085543e+01   9.2206796766566657e-01
   1.4870976108769165e+01   9.1899925066100907e-01
   1.4990903335452785e+01   9.2613420757301790e-01
   1.5110830562136409e+01   9.2114068891183154e-01
   1.5230757788820030e+01   9.2038120944348356e-01
   1.5350685015503654e+01   9.2554325703289053e-01
   1.5470612242187276e+01   9.2021290102129583e-01
   1.5590539468870899e+01   9.2189293642817605e-01
   1.5710466695554521e+01   9.2483621665621918e-01
   1.5830393922238144e+01   9.1950236911466010e-01
   1.5950321148921766e+01   9.2335679542747873e-01
   1.6070248375605392e+01   9.2347906372189648e-01
   1.6190175602289010e+01   9.1978826005148151e-01
   1.6310102828972632e+01   9.2430663605025398e-01
   1.6430030055656253e+01   9.2201609796406037e-01
   1.6549957282339879e+01   9.2085187276561287e-01
   1.6669884509023497e+01   9.2420920924526684e-01
   1.6789811735707119e+01   9.2113767640545452e-01
   1.6909738962390744e+01   9.2202294534071838e-01
   1.7029666189074369e+01   9.2353299615480711e-01
   1.7149593415757991e+01   9.2110834880190429e-01
   1.7269520642441609e+01   9.2266947149158918e-01
   1.7389447869125231e+01   9.2268187523237366e-01
   1.7509375095808853e+01   9.2158618294899142e-01
   1.7629302322492475e+01   9.2288844083622001e-01
   1.7749229549176100e+01   9.2222789361136270e-01
   1.7869156775859725e+01   9.2180552804470073e-01
   1.7989084002543343e+01   9.2283849540429241e-01
   1.8109011229226965e+01   9.2205963464716245e-01
   1.8228938455910590e+01   9.2219560004494838e-01
   1.8348865682594212e+01   9.2251974092189482e-01
   1.8468792909277834e+01   9.2205114929947241e-01
   1.8588720135961456e+01   9.2225693629786265e-01
   1.8708647362645078e+01   9.2231798752426275e-01
   1.8828574589328696e+01   9.2217350008507160e-01
   1.8948501816012321e+01   9.2236441208472297e-01
   1.9068429042695946e+01   9.2241708909762077e-01
   1.9188356269379568e+01   9.2218201025199442e-01
   1.9308283496063190e+01   9.2229314969840059e-01
   1.9428210722746812e+01   9.2211455462830039e-01
   1.9548137949430437e+01   9.2216468064882240e-01
   1.9668065176114055e+01   9.2241055221281942e-01
   1.9787992402797677e+01   9.2227260448658899e-01
   1.9907919629481302e+01   9.2223664480038736e-01
