   0.0000000000000000e+00   9.4122674746420099e-01
   1.1992722668362230e-01   1.0881271462889610e+00
   2.3985445336724459e-01   1.0485386726040433e+00
   3.5978168005086691e-01   1.0034563735099902e+00
   4.7970890673448918e-01   9.0090969662396547e-01
   5.9963613341811151e-01   8.1253440577620317e-01
   7.1956336010173383e-01   7.5455816814536980e-01
   8.3949058678535615e-01   7.1049415021990736e-01
   9.5941781346897836e-01   6.5457681891825448e-01
   1.0793450401526006e+00   6.0619247912205865e-01
   1.1992722668362230e+00   5.6257548994548046e-01
   1.3191994935198452e+00   5.2388021961782327e-01
   1.4391267202034677e+00   4.8667325651205223e-01
   1.5590539468870899e+00   4.5150750643728194e-01
   1.6789811735707123e+00   4.1634387638689113e-01
   1.7989084002543343e+00   3.8280863869536158e-01
   1.9188356269379567e+00   3.5088325164579176e-01
   2.0387628536215789e+00   3.2266750495638324e-01
   2.1586900803052012e+00   2.9594057332100115e-01
   2.2786173069888238e+00   2.7490724324209381e-01
   2.3985445336724460e+00   2.5349817379588713e-01
   2.5184717603560682e+00   2.3573630092518930e-01
   2.6383989870396904e+00   2.1908507339929195e-01
   2.7583262137233131e+00   2.0468014282040956e-01
   2.8782534404069353e+00   1.9233031677584822e-01
   2.9981806670905575e+00   1.8155424992786948e-01
   3.1181078937741797e+00   1.7182877062147317e-01
   3.2380351204578024e+00   1.6378118782299914e-01
   3.3579623471414246e+00   1.5727042555778720e-01
   3.4778895738250459e+00   1.5170485808506623e-01
   3.5978168005086686e+00   1.4760175493381530e-01
   3.7177440271922912e+00   1.4500495430705479e-01
   3.8376712538759135e+00   1.4408254812950225e-01
   3.9575984805595361e+00   1.4638208063196737e-01
   4.0775257072431579e+00   1.5223559540323778e-01
   4.1974529339267797e+00   1.5785506001039409e-01
   4.3173801606104023e+00   1.5892345170874700e-01
   4.4373073872940250e+00   1.5786300574495171e-01
   4.5572346139776476e+00   1.4700546673072715e-01
   4.6771618406612694e+00   1.3622338486035257e-01
   4.7970890673448920e+00   1.2703650475859676e-01
   4.9170162940285138e+00   1.1489366774758082e-01
   5.0369435207121365e+00   1.0231202579723761e-01
   5.1568707473957582e+00   9.3724152925531629e-02
   5.2767979740793809e+00   9.2621372719994835e-02
   5.3967252007630035e+00   9.1923489591079932e-02
   5.5166524274466262e+00   8.8131891608492760e-02
   5.6365796541302480e+00   8.0381122431225610e-02
   5.7565068808138706e+00   6.6741041045915564e-02
   5.8764341074974924e+00   5.6432842988096601e-02
   5.9963613341811151e+00   5.5531538257237632e-02
   6.1162885608647368e+00   6.2703384041997767e-02
   6.2362157875483595e+00   7.4897377239977816e-02
   6.3561430142319812e+00   8.5381362745336184e-02
   6.4760702409156048e+00   9.2861900886357804e-02
   6.5959974675992266e+00   9.5670258745464865e-02
   6.7159246942828492e+00   1.6252531443593876e-01
   6.8358519209664710e+00   1.9532639852526151e-01
   6.9557791476500919e+00   1.8982255611392188e-01
   7.0757063743337145e+00   1.7547920222539468e-01
   7.1956336010173372e+00   9.3366806061118926e-02
   7.3155608277009598e+00   5.0115260033681726e-02
   7.4354880543845825e+00   3.9235788281301309e-02
   7.5554152810682043e+00   4.3162521423073551e-02
   7.6753425077518269e+00   4.6681620873567829e-02
   7.7952697344354496e+00   5.1472379405306051e-02
   7.9151969611190722e+00   6.7951890547534782e-02
   8.0351241878026958e+00   6.4641052648509806e-02
   8.1550514144863158e+00   8.4329979370580635e-02
   8.2749786411699393e+00   9.3422338999217411e-02
   8.3949058678535593e+00   9.1378605974505672e-02
   8.5148330945371846e+00   1.3042549776806683e-01
   8.6347603212208046e+00   1.1964143815345327e-01
   8.7546875479044264e+00   1.4627428682032148e-01
   8.8746147745880499e+00   1.9365931116502166e-01
   8.9945420012716717e+00   1.6352020269909817e-01
   9.1144692279552952e+00   2.3089476265856448e-01
   9.2343964546389170e+00   2.2716365821693427e-01
   9.3543236813225388e+00   2.0320013217051502e-01
   9.4742509080061605e+00   2.6856172094018033e-01
   9.5941781346897841e+00   2.2101716233286078e-01
   9.7141053613734059e+00   2.4331365224129400e-01
   9.8340325880570276e+00   2.8027547845393463e-01
   9.9539598147406512e+00   2.4334777873217195e-01
   1.0073887041424273e+01   3.1546035863326388e-01
   1.0193814268107896e+01   3.2600305863401607e-01
   1.0313741494791516e+01   3.2415729363023488e-01
   1.0433668721475140e+01   4.5950562602912759e-01
   1.0553595948158762e+01   4.3706384941365811e-01
   1.0673523174842384e+01   4.9435024903320546e-01
   1.0793450401526007e+01   7.2347124163147636e-01
   1.0913377628209629e+01   6.4412691502807928e-01
   1.1033304854893252e+01   1.0164566947835436e+00
   1.1153232081576874e+01   1.2237608488894494e+00
   1.1273159308260496e+01   1.0538741982648467e+00
   1.1393086534944118e+01   1.5678368776033955e+00
   1.1513013761627741e+01   1.2598940881328811e+00
   1.1632940988311361e+01   1.1456964878224309e+00
   1.1752868214994985e+01   1.4378966291239703e+00
   1.1872795441678608e+01   9.7552522098776162e-01
   1.1992722668362230e+01   9.7167766517203902e-01
   1.2112649895045854e+01   1.1650974608814497e+00
   1.2232577121729474e+01   9.2276997866476163e-01
   1.2352504348413097e+01   9.6298282430149096e-01
   1.2472431575096719e+01   1.0671394765468187e+00
   1.2592358801780341e+01   9.0729070327919370e-01
   1.2712286028463962e+01   9.6566824988204836e-01
   1.2832213255147586e+01   1.0009543293763359e+00
   1.2952140481831210e+01   9.0842145584035738e-01
   1.3072067708514831e+01   9.6425222180464787e-01
   1.3191994935198453e+01   9.6426317716375731e-01
   1.3311922161882075e+01   9.1582926239051810e-01
   1.3431849388565698e+01   9.6088339719439120e-01
   1.3551776615249318e+01   9.4778817165429818e-01
   1.3671703841932942e+01   9.2297789589497925e-01
   1.3791631068616564e+01   9.5796753677487323e-01
   1.3911558295300184e+01   9.3905969291361535e-01
   1.4031485521983807e+01   9.2963674047937805e-01
   1.4151412748667429e+01   9.5448745481563146e-01
   1.4271339975351053e+01   9.3438057301646926e-01
   1.4391267202034674e+01   9.3535325520549517e-01
   1.4511194428718298e+01   9.5008554071171913e-01
   1.4631121655401920e+01   9.3317469773200501e-01
   1.4751048882085543e+01   9.3879757284618781e-01
   1.4870976108769165e+01   9.4647359302648781e-01
   1.4990903335452785e+01   9.3363449044413860e-01
   1.5110830562136409e+01   9.4048801999133602e-01
   1.5230757788820030e+01   9.4422891571100342e-01
   1.5350685015503654e+01   9.3411685103775999e-01
   1.5470612242187276e+01   9.4168062857359836e-01
   1.5590539468870899e+01   9.4240797085356454e-01
   1.5710466695554521e+01   9.3469513081600664e-01
   1.5830393922238144e+01   9.4268782272871376e-01
   1.5950321148921766e+01   9.4039869729343373e-01
   1.6070248375605392e+01   9.3591865443702260e-01
   1.6190175602289010e+01   9.4299558761156821e-01
   1.6310102828972632e+01   9.3870486256220864e-01
   1.6430030055656253e+01   9.3758872925226966e-01
   1.6549957282339879e+01   9.4242859027314774e-01
   1.6669884509023497e+01   9.3779606064925425e-01
   1.6789811735707119e+01   9.3910149934422427e-01
   1.6909738962390744e+01   9.4129928764461479e-01
   1.7029666189074369e+01   9.3772623981144632e-01
   1.7149593415757991e+01   9.4001886509943866e-01
   1.7269520642441609e+01   9.4023699553925444e-01
   1.7389447869125231e+01   9.3819617208368988e-01
   1.7509375095808853e+01   9.4032088753838994e-01
   1.7629302322492475e+01   9.3954331346048481e-01
   1.7749229549176100e+01   9.3876584006564778e-01
   1.7869156775859725e+01   9.4024011177948752e-01
   1.7989084002543343e+01   9.3920471624225665e-01
   1.8109011229226965e+01   9.3915481025031378e-01
   1.8228938455910590e+01   9.4001586158251471e-01
   1.8348865682594212e+01   9.3914668132836066e-01
   1.8468792909277834e+01   9.3940899038613079e-01
   1.8588720135961456e+01   9.3975552162154807e-01
   1.8708647362645078e+01   9.3919736470901483e-01
   1.8828574589328696e+01   9.3953930338016123e-01
   1.8948501816012321e+01   9.3962117818615865e-01
   1.9068429042695946e+01   9.3922234431133300e-01
   1.9188356269379568e+01   9.3953288659541279e-01
   1.9308283496063190e+01   9.3957625142298551e-01
   1.9428210722746812e+01   9.3929767511877227e-01
   1.9548137949430437e+01   9.3952160748265734e-01
   1.9668065176114055e+01   9.3948109334578889e-01
   1.9787992402797677e+01   9.3939563356193345e-01
   1.9907919629481302e+01   9.3955771164091384e-01
