   0.0000000000000000e+00   1.0000000000000000e+00
   1.0000000000000000e-02   9.8216044302649774e-01
   2.0000000000000000e-02   9.6463566210924900e-01
   2.9999999999999999e-02   9.4741674993266078e-01
   4.0000000000000001e-02   9.3049512976983562e-01
   5.0000000000000003e-02   9.1386254000921219e-01
   5.9999999999999998e-02   8.9751101953840551e-01
   7.0000000000000007e-02   8.8143289392983126e-01
   8.0000000000000002e-02   8.6562076237674734e-01
   8.9999999999999997e-02   8.5006748533204457e-01
   1.0000000000000001e-01   8.3476617280554177e-01
   1.1000000000000000e-01   8.1971017327866058e-01
   1.2000000000000000e-01   8.0489306319825282e-01
   1.3000000000000000e-01   7.9030863701400023e-01
   1.4000000000000001e-01   7.7595089772626102e-01
   1.4999999999999999e-01   7.6181404791349161e-01
   1.6000000000000000e-01   7.4789248121045082e-01
   1.6999999999999998e-01   7.3418077421032857e-01
   1.7999999999999999e-01   7.2067367876569932e-01
   1.9000000000000000e-01   7.0736611466485866e-01
   2.0000000000000001e-01   6.9425316266160708e-01
