   0.0000000000000000e+00   6.5514564582934054e-01
   1.0000000000000000e-02   5.9994000000000003e-01
   2.0000000000000000e-02   5.5491002930100664e-01
   2.9999999999999999e-02   4.3864547715207192e-01
   4.0000000000000001e-02   3.2238092500313720e-01
   5.0000000000000003e-02   2.0611637285420240e-01
   5.9999999999999998e-02   2.0612973804450568e-01
   7.0000000000000007e-02   2.3611578105923411e-01
   8.0000000000000002e-02   2.1802107177509966e-01
   8.9999999999999997e-02   1.9098751712978446e-01
   1.0000000000000001e-01   1.6395396248446928e-01
   1.1000000000000000e-01   2.1547725036315341e-01
   1.2000000000000000e-01   2.7580375373455279e-01
   1.3000000000000000e-01   3.3613025710595218e-01
   1.4000000000000001e-01   3.9645676047735162e-01
   1.4999999999999999e-01   4.7281245622398077e-01
   1.6000000000000000e-01   6.0249713764095714e-01
   1.6999999999999998e-01   7.3218181905793311e-01
   1.7999999999999999e-01   8.6186650047490931e-01
   1.9000000000000000e-01   9.9155118189188574e-01
   2.0000000000000001e-01   1.0181402031823032e+00
