   0.0000000000000000e+00   5.9999999999999998e-01
   1.0000000000000000e-02   5.9994000000000003e-01
   2.0000000000000000e-02   5.9975999999999996e-01
   2.9999999999999999e-02   5.9945999999999999e-01
   4.0000000000000001e-02   5.9903999999999991e-01
   5.0000000000000003e-02   5.9850000000000003e-01
   5.9999999999999998e-02   5.9783999999999993e-01
   7.0000000000000007e-02   5.9705999999999992e-01
   8.0000000000000002e-02   5.9616000000000002e-01
   8.9999999999999997e-02   5.9514000000000000e-01
   1.0000000000000001e-01   5.9399999999999997e-01
   1.1000000000000000e-01   5.9273999999999993e-01
   1.2000000000000000e-01   5.9136000000000000e-01
   1.3000000000000000e-01   5.8985999999999994e-01
   1.4000000000000001e-01   5.8823999999999999e-01
   1.4999999999999999e-01   5.8650000000000002e-01
   1.6000000000000000e-01   5.8464000000000005e-01
   1.6999999999999998e-01   5.8265999999999996e-01
   1.7999999999999999e-01   5.8055999999999996e-01
   1.9000000000000000e-01   5.7833999999999997e-01
   2.0000000000000001e-01   5.7599999999999996e-01
