   0.0000000000000000e+00   9.3018230767628807e-01
   1.0000000000000000e-02   9.8216044302649774e-01
   2.0000000000000000e-02   9.3569976836737978e-01
   2.9999999999999999e-02   9.4209954040916499e-01
   4.0000000000000001e-02   9.4849931245095020e-01
   5.0000000000000003e-02   9.5489908449273542e-01
   5.9999999999999998e-02   9.4384198453107404e-01
   7.0000000000000007e-02   9.2828506884898643e-01
   8.0000000000000002e-02   9.1117633283160726e-01
   8.9999999999999997e-02   8.9377909296721514e-01
   1.0000000000000001e-01   8.7638185310282291e-01
   1.1000000000000000e-01   8.5672388283499079e-01
   1.2000000000000000e-01   8.3681257121237673e-01
   1.3000000000000000e-01   8.1690125958976267e-01
   1.4000000000000001e-01   7.9698994796714862e-01
   1.4999999999999999e-01   7.7785708297247602e-01
   1.6000000000000000e-01   7.6131410323807169e-01
   1.6999999999999998e-01   7.4477112350366736e-01
   1.7999999999999999e-01   7.2822814376926315e-01
   1.9000000000000000e-01   7.1168516403485893e-01
   2.0000000000000001e-01   7.0829338610427406e-01
