   0.0000000000000000e+00   1.0999383806056036e-01
   8.1202586017055278e-01   3.4611609739359245e-01
   1.6240517203411056e+00   5.9184429891669921e-01
   2.4360775805116583e+00   8.4893943619272449e-01
   3.2481034406822111e+00   9.5784875470429609e-01
   4.0601293008527639e+00   9.5595229662545711e-01
   4.8721551610233167e+00   8.4775605028099821e-01
   5.6841810211938695e+00   7.2140233320007352e-01
   6.4962068813644223e+00   6.0326382133049872e-01
   7.3082327415349742e+00   6.3324133337659561e-01
   8.1202586017055278e+00   6.5980373781353052e-01
   8.9322844618760797e+00   6.8853805047013572e-01
   9.7443103220466334e+00   7.4218202290862600e-01
   1.0556336182217185e+01   7.3453736948886472e-01
   1.1368362042387739e+01   7.0984148908133404e-01
   1.2180387902558291e+01   6.8816620886863433e-01
   1.2992413762728845e+01   6.5600738432047168e-01
   1.3804439622899396e+01   5.9227341575165227e-01
   1.4616465483069948e+01   5.6822248972089506e-01
   1.5428491343240504e+01   6.0223271875394280e-01
   1.6240517203411056e+01   5.6865209610720968e-01
   1.7052543063581609e+01   4.0479315318971693e-01
   1.7864568923752159e+01   1.7680919048737154e-01
   1.8676594783922717e+01   9.2314691773701090e-03
   1.9488620644093267e+01  -1.7342121633939728e-01
