   0.0000000000000000e+00   1.1788669373202960e+00
   6.2445743488847039e-01   8.5711225333277685e-01
   1.2489148697769408e+00   5.7249110453385244e-01
   1.8733723046654114e+00   6.5175996901080058e-01
   2.4978297395538815e+00   7.5180697734428248e-01
   3.1222871744423522e+00   7.5810341697635886e-01
   3.7467446093308228e+00   6.6118817673168451e-01
   4.3712020442192934e+00   6.6709901186895171e-01
   4.9956594791077631e+00   7.1603475589967180e-01
   5.6201169139962328e+00   8.0704683272482836e-01
   6.2445743488847043e+00   8.0916826340427228e-01
   6.8690317837731740e+00   7.6582563821269523e-01
   7.4934892186616455e+00   7.3765722022932723e-01
   8.1179466535501152e+00   7.3351000525723120e-01
   8.7424040884385867e+00   7.3987885035109169e-01
   9.3668615233270547e+00   7.1992718920439080e-01
   9.9913189582155262e+00   6.8278427374197148e-01
   1.0615776393103996e+01   5.6261488444345975e-01
   1.1240233827992466e+01   4.4247805091876619e-01
   1.1864691262880939e+01   3.7361879238528289e-01
   1.2489148697769409e+01   2.8909657265877986e-01
   1.3113606132657878e+01   1.3786676381020141e-01
   1.3738063567546348e+01  -1.0528607621139696e-02
   1.4362521002434821e+01  -1.5153114961999034e-01
   1.4986978437323291e+01  -1.4422119679727260e-01
   1.5611435872211761e+01  -2.6009870516626340e-02
   1.6235893307100230e+01  -3.8080204754288527e-02
   1.6860350741988704e+01  -7.4319925422985086e-02
   1.7484808176877173e+01  -5.4854072096052697e-02
   1.8109265611765640e+01  -6.6745967294136649e-02
   1.8733723046654109e+01  -1.0303956083295740e-01
   1.9358180481542583e+01  -1.0457353598246140e-01
   1.9982637916431052e+01   5.5762857727920372e-03
