   0.0000000000000000e+00  -1.6180074764280783e-01
   1.1873078439140601e+00   3.1420855831545802e-01
   2.3746156878281202e+00   6.6483624097574878e-01
   3.5619235317421802e+00   6.9866734488158844e-01
   4.7492313756562403e+00   8.2714600316304177e-01
   5.9365392195703004e+00   9.2550163736110325e-01
   7.1238470634843605e+00   8.6093315987619867e-01
   8.3111549073984214e+00   8.2325374135941498e-01
   9.4984627513124806e+00   7.9307269510734124e-01
   1.0685770595226540e+01   7.6812190356966215e-01
   1.1873078439140601e+01   7.4362740147408080e-01
   1.3060386283054660e+01   7.2493208240277807e-01
   1.4247694126968721e+01   7.1187111421291860e-01
   1.5435001970882780e+01   6.9719414366651833e-01
   1.6622309814796843e+01   6.8869203370798515e-01
   1.7809617658710899e+01   6.8052627282759293e-01
   1.8996925502624961e+01   6.6615220422216814e-01
