   0.0000000000000000e+00  -3.9850074764280785e-01
   1.1992722668362230e-01   7.7508558315457998e-02
   2.3985445336724459e-01   4.2813624097574876e-01
   3.5978168005086691e-01   4.6196734488158842e-01
   4.7970890673448918e-01   5.9044600316304174e-01
   5.9963613341811151e-01   6.8880163736110323e-01
   7.1956336010173383e-01   6.2423315987619865e-01
   8.3949058678535615e-01   5.8655374135941496e-01
   9.5941781346897836e-01   5.5637269510734122e-01
   1.0793450401526006e+00   5.3142190356966212e-01
   1.1992722668362230e+00   5.0692740147408077e-01
   1.3191994935198452e+00   4.8823208240277804e-01
   1.4391267202034677e+00   4.7517111421291858e-01
   1.5590539468870899e+00   4.6049414366651831e-01
   1.6789811735707123e+00   4.5199203370798513e-01
   1.7989084002543343e+00   4.4382627282759290e-01
   1.9188356269379567e+00   4.2945220422216812e-01
   2.0387628536215789e+00   4.0683422806842484e-01
   2.1586900803052012e+00   3.9182631054201156e-01
   2.2786173069888238e+00   3.8494885547187774e-01
   2.3985445336724460e+00   3.7244502207920793e-01
   2.5184717603560682e+00   3.5660334248043690e-01
   2.6383989870396904e+00   1.6245158114676811e-01
   2.7583262137233131e+00  -2.4357309175629174e-01
   2.8782534404069353e+00  -5.8620122645505590e-01
   2.9981806670905575e+00  -6.8092979839035672e-01
   3.1181078937741797e+00  -6.9191261714946262e-01
   3.2380351204578024e+00  -6.4190948695291417e-01
   3.3579623471414246e+00  -6.1768591722043564e-01
   3.4778895738250459e+00  -6.2596659697834300e-01
   3.5978168005086686e+00  -6.1320820213296190e-01
   3.7177440271922912e+00  -5.9473687959586585e-01
   3.8376712538759135e+00  -5.7758099334587498e-01
   3.9575984805595361e+00  -5.6009717355356736e-01
   4.0775257072431579e+00  -5.3712939557577055e-01
   4.1974529339267797e+00  -5.0213704113491486e-01
   4.3173801606104023e+00  -4.5156973260392153e-01
   4.4373073872940250e+00  -3.8929369442820116e-01
   4.5572346139776476e+00  -3.6989329263497051e-01
   4.6771618406612694e+00  -3.6523558854649030e-01
   4.7970890673448920e+00  -3.3623277711749910e-01
   4.9170162940285138e+00  -3.0158008586573226e-01
   5.0369435207121365e+00  -3.5795438944496066e-01
   5.1568707473957582e+00  -3.9410681565680922e-01
   5.2767979740793809e+00  -3.2682638172991618e-01
   5.3967252007630035e+00  -2.3266656722749621e-01
   5.5166524274466262e+00  -2.0827084408726740e-01
   5.6365796541302480e+00  -2.4683594317219543e-01
   5.7565068808138706e+00  -2.7085286197890895e-01
   5.8764341074974924e+00  -2.9917227831821080e-01
   5.9963613341811151e+00  -3.1054504715537484e-01
   6.1162885608647368e+00  -2.6533982127973965e-01
   6.2362157875483595e+00  -2.1693515396000493e-01
   6.3561430142319812e+00  -2.0595421408707082e-01
   6.4760702409156048e+00  -1.9652332591254412e-01
   6.5959974675992266e+00  -1.7905466093144462e-01
   6.7159246942828492e+00  -1.4963627504928526e-01
   6.8358519209664710e+00  -1.2039115523973448e-01
   6.9557791476500919e+00  -1.0769168192533629e-01
   7.0757063743337145e+00  -1.4386999050278546e-01
   7.1956336010173372e+00  -1.6658072850154504e-01
   7.3155608277009598e+00  -2.0784623626811555e-01
   7.4354880543845825e+00  -2.6406790876811614e-01
   7.5554152810682043e+00  -2.5450971120528443e-01
   7.6753425077518269e+00  -2.4658446449962723e-01
   7.7952697344354496e+00  -2.6088657901521967e-01
   7.9151969611190722e+00  -2.4895649245303425e-01
   8.0351241878026958e+00  -2.5968186543300298e-01
   8.1550514144863158e+00  -2.6015392649542757e-01
   8.2749786411699393e+00  -2.5187318652523055e-01
   8.3949058678535593e+00  -2.7220247995502117e-01
   8.5148330945371846e+00  -2.5580821103951989e-01
   8.6347603212208046e+00  -2.6176868710793155e-01
   8.7546875479044264e+00  -2.6420867388221825e-01
   8.8746147745880499e+00  -2.4935318372637766e-01
   8.9945420012716717e+00  -2.6601599390791164e-01
   9.1144692279552952e+00  -2.5767107867524969e-01
   9.2343964546389170e+00  -2.3761371810453866e-01
   9.3543236813225388e+00  -2.3046354523844489e-01
   9.4742509080061605e+00  -2.2930337773105008e-01
   9.5941781346897841e+00  -2.4492900467679732e-01
   9.7141053613734059e+00  -2.3981103893421996e-01
   9.8340325880570276e+00  -2.4218289856634845e-01
   9.9539598147406512e+00  -2.4471697897042119e-01
   1.0073887041424273e+01  -2.3487168686030901e-01
   1.0193814268107896e+01  -2.3434200423994356e-01
   1.0313741494791516e+01  -2.3137315830637226e-01
   1.0433668721475140e+01  -2.3150527923550096e-01
   1.0553595948158762e+01  -2.3868893773172620e-01
   1.0673523174842384e+01  -2.3600422791261474e-01
   1.0793450401526007e+01  -2.3658309376147141e-01
   1.0913377628209629e+01  -2.3674199367015406e-01
   1.1033304854893252e+01  -2.3605645209388626e-01
   1.1153232081576874e+01  -2.3792445849811061e-01
   1.1273159308260496e+01  -2.3565322930893443e-01
   1.1393086534944118e+01  -2.3682461799870133e-01
   1.1513013761627741e+01  -2.3781041440026496e-01
   1.1632940988311361e+01  -2.3525254602817103e-01
   1.1752868214994985e+01  -2.3729860149663470e-01
   1.1872795441678608e+01  -2.3726565239792494e-01
   1.1992722668362230e+01  -2.3564025544750183e-01
   1.2112649895045854e+01  -2.3732788782442737e-01
   1.2232577121729474e+01  -2.3684949623585277e-01
   1.2352504348413097e+01  -2.3617783609387547e-01
   1.2472431575096719e+01  -2.3708667420018048e-01
   1.2592358801780341e+01  -2.3666321382618580e-01
   1.2712286028463962e+01  -2.3654610192271236e-01
   1.2832213255147586e+01  -2.3685322213294818e-01
   1.2952140481831210e+01  -2.3659935975085705e-01
   1.3072067708514831e+01  -2.3676898670667765e-01
   1.3191994935198453e+01  -2.3668217427447716e-01
   1.3311922161882075e+01  -2.3663003467087723e-01
   1.3431849388565698e+01  -2.3682805741999430e-01
   1.3551776615249318e+01  -2.3661909644669216e-01
   1.3671703841932942e+01  -2.3665982476830935e-01
   1.3791631068616564e+01  -2.3682412905749642e-01
   1.3911558295300184e+01  -2.3661204314833281e-01
   1.4031485521983807e+01  -2.3667501255003173e-01
   1.4151412748667429e+01  -2.3680454785365976e-01
   1.4271339975351053e+01  -2.3661675824908071e-01
   1.4391267202034674e+01  -2.3669770776008936e-01
   1.4511194428718298e+01  -2.3676768915419766e-01
   1.4631121655401920e+01  -2.3663693518579365e-01
   1.4751048882085543e+01  -2.3671277627455178e-01
   1.4870976108769165e+01  -2.3673071296597201e-01
   1.4990903335452785e+01  -2.3666391009363075e-01
   1.5110830562136409e+01  -2.3671611267562065e-01
   1.5230757788820030e+01  -2.3670590707155478e-01
   1.5350685015503654e+01  -2.3668429903959484e-01
   1.5470612242187276e+01  -2.3671595704826795e-01
   1.5590539468870899e+01  -2.3668984638624796e-01
   1.5710466695554521e+01  -2.3670050945244117e-01
   1.5830393922238144e+01  -2.3671220959206488e-01
   1.5950321148921766e+01  -2.3668140142492927e-01
   1.6070248375605392e+01  -2.3671305809850046e-01
   1.6190175602289010e+01  -2.3670309258458050e-01
   1.6310102828972632e+01  -2.3668315803179668e-01
   1.6430030055656253e+01  -2.3671845851426260e-01
   1.6549957282339879e+01  -2.3669408212441007e-01
   1.6669884509023497e+01  -2.3669184270086691e-01
   1.6789811735707119e+01  -2.3671458111598589e-01
   1.6909738962390744e+01  -2.3669022537611328e-01
   1.7029666189074369e+01  -2.3670016153139611e-01
   1.7149593415757991e+01  -2.3670686680859448e-01
   1.7269520642441609e+01  -2.3669248960953596e-01
   1.7389447869125231e+01  -2.3670429512116045e-01
   1.7509375095808853e+01  -2.3670036509372985e-01
   1.7629302322492475e+01  -2.3669718021096747e-01
   1.7749229549176100e+01  -2.3670432983762935e-01
   1.7869156775859725e+01  -2.3669762718955775e-01
   1.7989084002543343e+01  -2.3670038698280244e-01
   1.8109011229226965e+01  -2.3670188567468253e-01
   1.8228938455910590e+01  -2.3669713446763196e-01
   1.8348865682594212e+01  -2.3670197369736881e-01
   1.8468792909277834e+01  -2.3670024729153546e-01
   1.8588720135961456e+01  -2.3669809925434707e-01
   1.8708647362645078e+01  -2.3670212351798234e-01
   1.8828574589328696e+01  -2.3669964404657420e-01
   1.8948501816012321e+01  -2.3669948485822823e-01
   1.9068429042695946e+01  -2.3670147128784094e-01
   1.9188356269379568e+01  -2.3669927361787360e-01
   1.9308283496063190e+01  -2.3669981739592869e-01
   1.9428210722746812e+01  -2.3670046843320630e-01
   1.9548137949430437e+01  -2.3669988631978026e-01
   1.9668065176114055e+01  -2.3670040572454656e-01
   1.9787992402797677e+01  -2.3669973010503934e-01
   1.9907919629481302e+01  -2.3669932501723406e-01
