   0.0000000000000000e+00  -2.1574723922827432e-01
   1.1992722668362230e-01   1.2139062225145697e-01
   2.3985445336724459e-01   3.6694318515418878e-01
   3.5978168005086691e-01   4.0360124186131885e-01
   4.7970890673448918e-01   4.0089057453313315e-01
   5.9963613341811151e-01   5.6904843082591339e-01
   7.1956336010173383e-01   5.4191624310083575e-01
   8.3949058678535615e-01   5.4595973987744861e-01
   9.5941781346897836e-01   5.2837284621405545e-01
   1.0793450401526006e+00   5.1219881335347139e-01
   1.1992722668362230e+00   4.9832806610719349e-01
   1.3191994935198452e+00   4.4432605871084119e-01
   1.4391267202034677e+00   4.2642774660296434e-01
   1.5590539468870899e+00   4.4088098364248018e-01
   1.6789811735707123e+00   4.4274733565761304e-01
   1.7989084002543343e+00   4.2726595891964569e-01
   1.9188356269379567e+00   4.1640523427051146e-01
   2.0387628536215789e+00   4.0527759988946066e-01
   2.1586900803052012e+00   3.8998143726322032e-01
   2.2786173069888238e+00   3.7720185520783012e-01
   2.3985445336724460e+00   3.6899164474842372e-01
   2.5184717603560682e+00   3.4618241270223193e-01
   2.6383989870396904e+00   1.3884392055896294e-01
   2.7583262137233131e+00  -2.9270923384643288e-01
   2.8782534404069353e+00  -6.4740127515068346e-01
   2.9981806670905575e+00  -7.3478211909415614e-01
   3.1181078937741797e+00  -7.0663435458149193e-01
   3.2380351204578024e+00  -6.8014946461485093e-01
   3.3579623471414246e+00  -6.5580655057746895e-01
   3.4778895738250459e+00  -6.3311995235973395e-01
   3.5978168005086686e+00  -6.1211253996931458e-01
   3.7177440271922912e+00  -5.9311290606952771e-01
   3.8376712538759135e+00  -5.7506585431644786e-01
   3.9575984805595361e+00  -5.5734501256128555e-01
   4.0775257072431579e+00  -5.3904810282417359e-01
   4.1974529339267797e+00  -5.1565559463784194e-01
   4.3173801606104023e+00  -4.8697966521777125e-01
   4.4373073872940250e+00  -4.6047427829855331e-01
   4.5572346139776476e+00  -4.3726788140861717e-01
   4.6771618406612694e+00  -4.1600961034254569e-01
   4.7970890673448920e+00  -4.0968299975635558e-01
   4.9170162940285138e+00  -4.0097381383970432e-01
   5.0369435207121365e+00  -3.7997524862645249e-01
   5.1568707473957582e+00  -3.3080394150181242e-01
   5.2767979740793809e+00  -2.5525147891443550e-01
   5.3967252007630035e+00  -2.5324559771052524e-01
   5.5166524274466262e+00  -3.1719217866809690e-01
   5.6365796541302480e+00  -3.6336613051917038e-01
   5.7565068808138706e+00  -3.6448594102191600e-01
   5.8764341074974924e+00  -3.2161179752954894e-01
   5.9963613341811151e+00  -2.4754587436166850e-01
   6.1162885608647368e+00  -2.0586668365456900e-01
   6.2362157875483595e+00  -1.9430882139845840e-01
   6.3561430142319812e+00  -2.5421470444453070e-01
   6.4760702409156048e+00  -3.2543170371567820e-01
   6.5959974675992266e+00  -3.3711924575932861e-01
   6.7159246942828492e+00  -3.0867168894103864e-01
   6.8358519209664710e+00  -2.5070638941714835e-01
   6.9557791476500919e+00  -1.9181900179178968e-01
   7.0757063743337145e+00  -1.4591749410142996e-01
   7.1956336010173372e+00  -1.5847089577909107e-01
   7.3155608277009598e+00  -2.1311692647300864e-01
   7.4354880543845825e+00  -2.5838625321500930e-01
   7.5554152810682043e+00  -3.0860256354114052e-01
   7.6753425077518269e+00  -3.2005562234137414e-01
   7.7952697344354496e+00  -3.1856864218747943e-01
   7.9151969611190722e+00  -3.3759234843110708e-01
   8.0351241878026958e+00  -3.3754021329770240e-01
   8.1550514144863158e+00  -3.3854194832554529e-01
   8.2749786411699393e+00  -3.3861128958786485e-01
   8.3949058678535593e+00  -3.3287496196138239e-01
   8.5148330945371846e+00  -3.2195500895109436e-01
   8.6347603212208046e+00  -2.7087536214821301e-01
   8.7546875479044264e+00  -2.6876192319058567e-01
   8.8746147745880499e+00  -2.6725648947156250e-01
   8.9945420012716717e+00  -2.4620751193925416e-01
   9.1144692279552952e+00  -2.4433629905040974e-01
   9.2343964546389170e+00  -2.3530783856539442e-01
   9.3543236813225388e+00  -2.3319434000527733e-01
   9.4742509080061605e+00  -2.5615978237001846e-01
   9.5941781346897841e+00  -2.4054306090353064e-01
   9.7141053613734059e+00  -2.4459518332435393e-01
   9.8340325880570276e+00  -2.4654583825854082e-01
   9.9539598147406512e+00  -2.3549972715324960e-01
   1.0073887041424273e+01  -2.4748853950042479e-01
   1.0193814268107896e+01  -2.4070412849543449e-01
   1.0313741494791516e+01  -2.3835211823897454e-01
   1.0433668721475140e+01  -2.4291714635687275e-01
   1.0553595948158762e+01  -2.3275802811165830e-01
   1.0673523174842384e+01  -2.3443744648209588e-01
   1.0793450401526007e+01  -2.2887497665070936e-01
   1.0913377628209629e+01  -2.2454609243712220e-01
   1.1033304854893252e+01  -2.4166287756236729e-01
   1.1153232081576874e+01  -2.3534106512646971e-01
   1.1273159308260496e+01  -2.3274237490678501e-01
   1.1393086534944118e+01  -2.4100542622001356e-01
   1.1513013761627741e+01  -2.3492706979595360e-01
   1.1632940988311361e+01  -2.3545029132807369e-01
   1.1752868214994985e+01  -2.3923590316320270e-01
   1.1872795441678608e+01  -2.3484573392423672e-01
   1.1992722668362230e+01  -2.3690268167712114e-01
   1.2112649895045854e+01  -2.3776276533326837e-01
   1.2232577121729474e+01  -2.3539765959965822e-01
   1.2352504348413097e+01  -2.3739911053376792e-01
   1.2472431575096719e+01  -2.3684258162125479e-01
   1.2592358801780341e+01  -2.3601496454569793e-01
   1.2712286028463962e+01  -2.3741434852100679e-01
   1.2832213255147586e+01  -2.3638301470746989e-01
   1.2952140481831210e+01  -2.3647731924409643e-01
   1.3072067708514831e+01  -2.3725091939011131e-01
   1.3191994935198453e+01  -2.3624052168989704e-01
   1.3311922161882075e+01  -2.3674240296574339e-01
   1.3431849388565698e+01  -2.3705540834529593e-01
   1.3551776615249318e+01  -2.3627896728788958e-01
   1.3671703841932942e+01  -2.3684261236786028e-01
   1.3791631068616564e+01  -2.3690530676541874e-01
   1.3911558295300184e+01  -2.3637196753822753e-01
   1.4031485521983807e+01  -2.3686678444080148e-01
   1.4151412748667429e+01  -2.3679363193834096e-01
   1.4271339975351053e+01  -2.3647441117089868e-01
   1.4391267202034674e+01  -2.3685494259593348e-01
   1.4511194428718298e+01  -2.3671398720384929e-01
   1.4631121655401920e+01  -2.3657134813031902e-01
   1.4751048882085543e+01  -2.3682140245248695e-01
   1.4870976108769165e+01  -2.3666861349506310e-01
   1.4990903335452785e+01  -2.3664463724582271e-01
   1.5110830562136409e+01  -2.3678403463588035e-01
   1.5230757788820030e+01  -2.3664794525745689e-01
   1.5350685015503654e+01  -2.3669324558724980e-01
   1.5470612242187276e+01  -2.3675219521279336e-01
   1.5590539468870899e+01  -2.3664169069506275e-01
   1.5710466695554521e+01  -2.3672563233758556e-01
   1.5830393922238144e+01  -2.3672270226055836e-01
   1.5950321148921766e+01  -2.3664790189181537e-01
   1.6070248375605392e+01  -2.3674287806879066e-01
   1.6190175602289010e+01  -2.3669635695044636e-01
   1.6310102828972632e+01  -2.3666550891266089e-01
   1.6430030055656253e+01  -2.3674333436996312e-01
   1.6549957282339879e+01  -2.3667936314441299e-01
   1.6669884509023497e+01  -2.3668724182056688e-01
   1.6789811735707119e+01  -2.3673199338360634e-01
   1.6909738962390744e+01  -2.3667504923250410e-01
   1.7029666189074369e+01  -2.3670281962222961e-01
   1.7149593415757991e+01  -2.3671522428092867e-01
   1.7269520642441609e+01  -2.3667968857636240e-01
   1.7389447869125231e+01  -2.3670954155055593e-01
   1.7509375095808853e+01  -2.3670350007619745e-01
   1.7629302322492475e+01  -2.3668930198185642e-01
   1.7749229549176100e+01  -2.3671035570082063e-01
   1.7869156775859725e+01  -2.3669675698673145e-01
   1.7989084002543343e+01  -2.3669605760901971e-01
   1.8109011229226965e+01  -2.3670668061451297e-01
   1.8228938455910590e+01  -2.3669489220940226e-01
   1.8348865682594212e+01  -2.3670044503128812e-01
   1.8468792909277834e+01  -2.3670340093316380e-01
   1.8588720135961456e+01  -2.3669556623009219e-01
   1.8708647362645078e+01  -2.3670230364095149e-01
   1.8828574589328696e+01  -2.3670058722393358e-01
   1.8948501816012321e+01  -2.3669586021079017e-01
   1.9068429042695946e+01  -2.3670175445896582e-01
   1.9188356269379568e+01  -2.3670000200541641e-01
   1.9308283496063190e+01  -2.3669874891006845e-01
   1.9428210722746812e+01  -2.3670189556259053e-01
   1.9548137949430437e+01  -2.3669886279040536e-01
   1.9668065176114055e+01  -2.3669908194310196e-01
   1.9787992402797677e+01  -2.3670095988861023e-01
   1.9907919629481302e+01  -2.3669963793646837e-01
