   0.0000000000000000e+00  -2.9476180699598653e-01
   1.1992722668362230e-01  -1.2922839677589740e-01
   2.3985445336724459e-01   4.3259883518157682e-02
   3.5978168005086691e-01   3.1780773636008763e-01
   4.7970890673448918e-01   5.1294753529787929e-01
   5.9963613341811151e-01   5.1331369886927047e-01
   7.1956336010173383e-01   5.1694082406287489e-01
   8.3949058678535615e-01   5.2693460765074585e-01
   9.5941781346897836e-01   5.2709412553846735e-01
   1.0793450401526006e+00   5.0996564766983388e-01
   1.1992722668362230e+00   4.9331572936543810e-01
   1.3191994935198452e+00   4.7086649315913276e-01
   1.4391267202034677e+00   4.6071886141105445e-01
   1.5590539468870899e+00   4.5533448374428076e-01
   1.6789811735707123e+00   4.4523516963491838e-01
   1.7989084002543343e+00   4.3153074753034848e-01
   1.9188356269379567e+00   4.1889430156739338e-01
   2.0387628536215789e+00   4.0633955577783021e-01
   2.1586900803052012e+00   3.9329121246333687e-01
   2.2786173069888238e+00   3.8098494302663144e-01
   2.3985445336724460e+00   3.6926130933233525e-01
   2.5184717603560682e+00   3.5790143576786393e-01
   2.6383989870396904e+00   2.4310312124658751e-01
   2.7583262137233131e+00  -1.9566218082815673e-01
   2.8782534404069353e+00  -6.3085281369461832e-01
   2.9981806670905575e+00  -7.3597974936105059e-01
   3.1181078937741797e+00  -7.0620857247876412e-01
   3.2380351204578024e+00  -6.7927104176925046e-01
   3.3579623471414246e+00  -6.5446068140581404e-01
   3.4778895738250459e+00  -6.3154986825833481e-01
   3.5978168005086686e+00  -6.1060751066823848e-01
   3.7177440271922912e+00  -5.9142369570548403e-01
   3.8376712538759135e+00  -5.7342949746833216e-01
   3.9575984805595361e+00  -5.5606126724120630e-01
   4.0775257072431579e+00  -5.3791971347127654e-01
   4.1974529339267797e+00  -5.1504661235775751e-01
   4.3173801606104023e+00  -4.8702880027822054e-01
   4.4373073872940250e+00  -4.5880936004268980e-01
   4.5572346139776476e+00  -4.3427334725530148e-01
   4.6771618406612694e+00  -4.1442717311556182e-01
   4.7970890673448920e+00  -3.9967512119383863e-01
   4.9170162940285138e+00  -3.8271501462606616e-01
   5.0369435207121365e+00  -3.7026412892023697e-01
   5.1568707473957582e+00  -3.6536642826884380e-01
   5.2767979740793809e+00  -3.6817584485406663e-01
   5.3967252007630035e+00  -3.5956331792000373e-01
   5.5166524274466262e+00  -3.3260534114037216e-01
   5.6365796541302480e+00  -3.1714142159802655e-01
   5.7565068808138706e+00  -3.2812223777283023e-01
   5.8764341074974924e+00  -3.3960095938003754e-01
   5.9963613341811151e+00  -3.5939848946943409e-01
   6.1162885608647368e+00  -3.8147673472268684e-01
   6.2362157875483595e+00  -3.7554045379500800e-01
   6.3561430142319812e+00  -3.4847176015360753e-01
   6.4760702409156048e+00  -3.2085663421422805e-01
   6.5959974675992266e+00  -2.9898961960207127e-01
   6.7159246942828492e+00  -2.7325157273194556e-01
   6.8358519209664710e+00  -2.3922968431303679e-01
   6.9557791476500919e+00  -2.3996229048245984e-01
   7.0757063743337145e+00  -2.6711620136013542e-01
   7.1956336010173372e+00  -2.7582588158627352e-01
   7.3155608277009598e+00  -2.5895334534162479e-01
   7.4354880543845825e+00  -2.4896882280300653e-01
   7.5554152810682043e+00  -2.8769978845075556e-01
   7.6753425077518269e+00  -3.1197096077042274e-01
   7.7952697344354496e+00  -3.0542083491883459e-01
   7.9151969611190722e+00  -3.2145520455860765e-01
   8.0351241878026958e+00  -3.4744974971916054e-01
   8.1550514144863158e+00  -3.4349109206191997e-01
   8.2749786411699393e+00  -3.5070985248822162e-01
   8.3949058678535593e+00  -3.3037044030321061e-01
   8.5148330945371846e+00  -3.2023784473644384e-01
   8.6347603212208046e+00  -3.1761385132924330e-01
   8.7546875479044264e+00  -2.8285086191851294e-01
   8.8746147745880499e+00  -2.8089216942062334e-01
   8.9945420012716717e+00  -2.7270734323137247e-01
   9.1144692279552952e+00  -2.4994936895825248e-01
   9.2343964546389170e+00  -2.5247592092457588e-01
   9.3543236813225388e+00  -2.4080088523502005e-01
   9.4742509080061605e+00  -2.3598744605021726e-01
   9.5941781346897841e+00  -2.3837385405349501e-01
   9.7141053613734059e+00  -2.2119833297459707e-01
   9.8340325880570276e+00  -2.4038933603374349e-01
   9.9539598147406512e+00  -2.3345403878507681e-01
   1.0073887041424273e+01  -2.2365657757613824e-01
   1.0193814268107896e+01  -2.3887997158584690e-01
   1.0313741494791516e+01  -2.2391471622009407e-01
   1.0433668721475140e+01  -2.2858874785640931e-01
   1.0553595948158762e+01  -2.4193271259257196e-01
   1.0673523174842384e+01  -2.2695081008714912e-01
   1.0793450401526007e+01  -2.3873070475225822e-01
   1.0913377628209629e+01  -2.4371093912474195e-01
   1.1033304854893252e+01  -2.3133712064943870e-01
   1.1153232081576874e+01  -2.4438768881106709e-01
   1.1273159308260496e+01  -2.4285364848028662e-01
   1.1393086534944118e+01  -2.3440607842406422e-01
   1.1513013761627741e+01  -2.4182370621882798e-01
   1.1632940988311361e+01  -2.3598401007753042e-01
   1.1752868214994985e+01  -2.3384450934630446e-01
   1.1872795441678608e+01  -2.4063146567441679e-01
   1.1992722668362230e+01  -2.3470073479828465e-01
   1.2112649895045854e+01  -2.3577111706015977e-01
   1.2232577121729474e+01  -2.3932204093896609e-01
   1.2352504348413097e+01  -2.3455276485975954e-01
   1.2472431575096719e+01  -2.3685930102722630e-01
   1.2592358801780341e+01  -2.3824977109969928e-01
   1.2712286028463962e+01  -2.3493020053879252e-01
   1.2832213255147586e+01  -2.3728665550394726e-01
   1.2952140481831210e+01  -2.3748401744080178e-01
   1.3072067708514831e+01  -2.3546154237393827e-01
   1.3191994935198453e+01  -2.3734837515716750e-01
   1.3311922161882075e+01  -2.3698231571524495e-01
   1.3431849388565698e+01  -2.3594207565263878e-01
   1.3551776615249318e+01  -2.3725292922460373e-01
   1.3671703841932942e+01  -2.3669950568734247e-01
   1.3791631068616564e+01  -2.3629458375341980e-01
   1.3911558295300184e+01  -2.3712613257818757e-01
   1.4031485521983807e+01  -2.3655580344434510e-01
   1.4151412748667429e+01  -2.3652760706392412e-01
   1.4271339975351053e+01  -2.3700581255448172e-01
   1.4391267202034674e+01  -2.3649977604249042e-01
   1.4511194428718298e+01  -2.3667316610412018e-01
   1.4631121655401920e+01  -2.3690147659731800e-01
   1.4751048882085543e+01  -2.3650017695272688e-01
   1.4870976108769165e+01  -2.3674989934832294e-01
   1.4990903335452785e+01  -2.3682009683292096e-01
   1.5110830562136409e+01  -2.3652812021374101e-01
   1.5230757788820030e+01  -2.3678357733413927e-01
   1.5350685015503654e+01  -2.3676096870696295e-01
   1.5470612242187276e+01  -2.3656459348936903e-01
   1.5590539468870899e+01  -2.3679398242354491e-01
   1.5710466695554521e+01  -2.3671672015855730e-01
   1.5830393922238144e+01  -2.3660486388252971e-01
   1.5950321148921766e+01  -2.3678957458674352e-01
   1.6070248375605392e+01  -2.3668391299543817e-01
   1.6190175602289010e+01  -2.3664606719148340e-01
   1.6310102828972632e+01  -2.3677260904452888e-01
   1.6430030055656253e+01  -2.3666542802631615e-01
   1.6549957282339879e+01  -2.3668218602087218e-01
   1.6669884509023497e+01  -2.3674818693681721e-01
   1.6789811735707119e+01  -2.3666195146138294e-01
   1.6909738962390744e+01  -2.3670586032638413e-01
   1.7029666189074369e+01  -2.3672397099135853e-01
   1.7149593415757991e+01  -2.3666981832060729e-01
   1.7269520642441609e+01  -2.3671700721849806e-01
   1.7389447869125231e+01  -2.3670625442080795e-01
   1.7509375095808853e+01  -2.3668085620935217e-01
   1.7629302322492475e+01  -2.3671798676525865e-01
   1.7749229549176100e+01  -2.3669663406856339e-01
   1.7869156775859725e+01  -2.3669069949156396e-01
   1.7989084002543343e+01  -2.3671372285721515e-01
   1.8109011229226965e+01  -2.3669304983799916e-01
   1.8228938455910590e+01  -2.3669749531009190e-01
   1.8348865682594212e+01  -2.3670906230855990e-01
   1.8468792909277834e+01  -2.3669330377818246e-01
   1.8588720135961456e+01  -2.3670072820517454e-01
   1.8708647362645078e+01  -2.3670519222044348e-01
   1.8828574589328696e+01  -2.3669526504622374e-01
   1.8948501816012321e+01  -2.3670282073422522e-01
   1.9068429042695946e+01  -2.3670320892447042e-01
   1.9188356269379568e+01  -2.3669718739880660e-01
   1.9308283496063190e+01  -2.3670256777454149e-01
   1.9428210722746812e+01  -2.3670116227231169e-01
   1.9548137949430437e+01  -2.3669834892532787e-01
   1.9668065176114055e+01  -2.3670204310891596e-01
   1.9787992402797677e+01  -2.3670015266813815e-01
   1.9907919629481302e+01  -2.3669954996850900e-01
