   0.0000000000000000e+00   9.4216693732029599e-01
   1.1992722668362230e-01   6.2041225333277683e-01
   2.3985445336724459e-01   3.3579110453385241e-01
   3.5978168005086691e-01   4.1505996901080056e-01
   4.7970890673448918e-01   5.1510697734428246e-01
   5.9963613341811151e-01   5.2140341697635884e-01
   7.1956336010173383e-01   4.2448817673168449e-01
   8.3949058678535615e-01   4.3039901186895169e-01
   9.5941781346897836e-01   4.7933475589967178e-01
   1.0793450401526006e+00   5.7034683272482833e-01
   1.1992722668362230e+00   5.7246826340427226e-01
   1.3191994935198452e+00   5.2912563821269520e-01
   1.4391267202034677e+00   5.0095722022932720e-01
   1.5590539468870899e+00   4.9681000525723118e-01
   1.6789811735707123e+00   5.0317885035109167e-01
   1.7989084002543343e+00   4.8322718920439078e-01
   1.9188356269379567e+00   4.4608427374197146e-01
   2.0387628536215789e+00   3.2591488444345973e-01
   2.1586900803052012e+00   2.0577805091876616e-01
   2.2786173069888238e+00   1.3691879238528287e-01
   2.3985445336724460e+00   5.2396572658779839e-02
   2.5184717603560682e+00  -9.8833236189798612e-02
   2.6383989870396904e+00  -2.4722860762113971e-01
   2.7583262137233131e+00  -3.8823114961999039e-01
   2.8782534404069353e+00  -3.8092119679727265e-01
   2.9981806670905575e+00  -2.6270987051662636e-01
   3.1181078937741797e+00  -2.7478020475428855e-01
   3.2380351204578024e+00  -3.1101992542298512e-01
   3.3579623471414246e+00  -2.9155407209605272e-01
   3.4778895738250459e+00  -3.0344596729413664e-01
   3.5978168005086686e+00  -3.3973956083295742e-01
   3.7177440271922912e+00  -3.4127353598246141e-01
   3.8376712538759135e+00  -2.3112371422720798e-01
   3.9575984805595361e+00  -1.1297595367093265e-01
   4.0775257072431579e+00  -1.1836076164735974e-01
   4.1974529339267797e+00  -2.2474489331405809e-01
   4.3173801606104023e+00  -3.1074264737287399e-01
   4.4373073872940250e+00  -2.5702072923747804e-01
   4.5572346139776476e+00  -1.6662009417986748e-01
   4.6771618406612694e+00  -1.1122527310859012e-01
   4.7970890673448920e+00  -1.5850829727017582e-01
   4.9170162940285138e+00  -2.2942727427911949e-01
   5.0369435207121365e+00  -2.4859257335723658e-01
   5.1568707473957582e+00  -2.2954158650711365e-01
   5.2767979740793809e+00  -2.1814220124431391e-01
   5.3967252007630035e+00  -2.2926043706344920e-01
   5.5166524274466262e+00  -2.4102053277178104e-01
   5.6365796541302480e+00  -2.3293769342353401e-01
   5.7565068808138706e+00  -2.2329541948437828e-01
   5.8764341074974924e+00  -2.1972380393286306e-01
   5.9963613341811151e+00  -2.2331128148323837e-01
   6.1162885608647368e+00  -2.2614554315399124e-01
   6.2362157875483595e+00  -2.2251678851188816e-01
   6.3561430142319812e+00  -2.2583482446404754e-01
   6.4760702409156048e+00  -2.2603872675351427e-01
   6.5959974675992266e+00  -2.2791126536753356e-01
   6.7159246942828492e+00  -2.2737000531699825e-01
   6.8358519209664710e+00  -2.2792601030683349e-01
   6.9557791476500919e+00  -2.2991204091501496e-01
   7.0757063743337145e+00  -2.2772798403489433e-01
   7.1956336010173372e+00  -2.2104447343804895e-01
   7.3155608277009598e+00  -2.1917755880834322e-01
   7.4354880543845825e+00  -2.2426526445384323e-01
   7.5554152810682043e+00  -2.2751456216937949e-01
   7.6753425077518269e+00  -2.2433946620668738e-01
   7.7952697344354496e+00  -2.1775621107787332e-01
   7.9151969611190722e+00  -2.1855692003579624e-01
   8.0351241878026958e+00  -2.1911492192894222e-01
   8.1550514144863158e+00  -2.2006159566348274e-01
   8.2749786411699393e+00  -2.2196414519591984e-01
   8.3949058678535593e+00  -2.1751131955404573e-01
   8.5148330945371846e+00  -2.1253055412893068e-01
   8.6347603212208046e+00  -2.0709093751221444e-01
   8.7546875479044264e+00  -2.0597022163244055e-01
   8.8746147745880499e+00  -2.0287030066580297e-01
   8.9945420012716717e+00  -1.9666372055259604e-01
   9.1144692279552952e+00  -1.9132327065582366e-01
   9.2343964546389170e+00  -2.0122928440996474e-01
   9.3543236813225388e+00  -2.1215797781261339e-01
   9.4742509080061605e+00  -2.0187843944671502e-01
   9.5941781346897841e+00  -2.0511110988695841e-01
   9.7141053613734059e+00  -2.1623559046002960e-01
   9.8340325880570276e+00  -2.0977453828757994e-01
   9.9539598147406512e+00  -2.0635382940530589e-01
   1.0073887041424273e+01  -2.1472036445511050e-01
   1.0193814268107896e+01  -2.2153772477922473e-01
   1.0313741494791516e+01  -2.1680174504389246e-01
   1.0433668721475140e+01  -2.0289232262408438e-01
   1.0553595948158762e+01  -1.9610027862575272e-01
   1.0673523174842384e+01  -2.0072057045888919e-01
   1.0793450401526007e+01  -2.0453935692114159e-01
   1.0913377628209629e+01  -2.1691710351510846e-01
   1.1033304854893252e+01  -2.1831100597352851e-01
   1.1153232081576874e+01  -2.1175621495781652e-01
   1.1273159308260496e+01  -2.1046914776033290e-01
   1.1393086534944118e+01  -2.1323641106222491e-01
   1.1513013761627741e+01  -2.1411554014043538e-01
   1.1632940988311361e+01  -2.1497903201047297e-01
   1.1752868214994985e+01  -2.1571492492536165e-01
   1.1872795441678608e+01  -2.1593995841670341e-01
   1.1992722668362230e+01  -2.1394846160087397e-01
   1.2112649895045854e+01  -2.1184093735183893e-01
   1.2232577121729474e+01  -2.1207118023688207e-01
   1.2352504348413097e+01  -2.1451988242048756e-01
   1.2472431575096719e+01  -2.1875775014182161e-01
   1.2592358801780341e+01  -2.2183832839203838e-01
   1.2712286028463962e+01  -2.2205659870005962e-01
   1.2832213255147586e+01  -2.2193603343609120e-01
   1.2952140481831210e+01  -2.2558391833297342e-01
   1.3072067708514831e+01  -2.3487113753663358e-01
   1.3191994935198453e+01  -2.3543973167087989e-01
   1.3311922161882075e+01  -2.3299677928124096e-01
   1.3431849388565698e+01  -2.3863294463829374e-01
   1.3551776615249318e+01  -2.4230443199835319e-01
   1.3671703841932942e+01  -2.3933207113949256e-01
   1.3791631068616564e+01  -2.3971040607249153e-01
   1.3911558295300184e+01  -2.4673613792427981e-01
   1.4031485521983807e+01  -2.4664622447106516e-01
   1.4151412748667429e+01  -2.4039331841250322e-01
   1.4271339975351053e+01  -2.4146197906144215e-01
   1.4391267202034674e+01  -2.4395651396313162e-01
   1.4511194428718298e+01  -2.4313005793951861e-01
   1.4631121655401920e+01  -2.4574686186575323e-01
   1.4751048882085543e+01  -2.4804954366308099e-01
   1.4870976108769165e+01  -2.4981547220645592e-01
   1.4990903335452785e+01  -2.5687514857296895e-01
   1.5110830562136409e+01  -2.6130252536388932e-01
   1.5230757788820030e+01  -2.5356540889920776e-01
   1.5350685015503654e+01  -2.4555887105731480e-01
   1.5470612242187276e+01  -2.4283739062098955e-01
   1.5590539468870899e+01  -2.5052269051776249e-01
   1.5710466695554521e+01  -2.6468333754687762e-01
   1.5830393922238144e+01  -2.7292795698162020e-01
   1.5950321148921766e+01  -2.7134260932230697e-01
   1.6070248375605392e+01  -2.6105900623305101e-01
   1.6190175602289010e+01  -2.3766240234028882e-01
   1.6310102828972632e+01  -2.2001202424682639e-01
   1.6430030055656253e+01  -2.4493270881869877e-01
   1.6549957282339879e+01  -2.5269741289090003e-01
   1.6669884509023497e+01  -2.3919943303058566e-01
   1.6789811735707119e+01  -2.3849102800970709e-01
   1.6909738962390744e+01  -2.3374760532259717e-01
   1.7029666189074369e+01  -2.3240378541093501e-01
   1.7149593415757991e+01  -2.3535651264700877e-01
   1.7269520642441609e+01  -2.3258342238062668e-01
   1.7389447869125231e+01  -2.3265880935423125e-01
   1.7509375095808853e+01  -2.2830636132840679e-01
   1.7629302322492475e+01  -2.2410507431231905e-01
   1.7749229549176100e+01  -2.2173238635503684e-01
   1.7869156775859725e+01  -2.2186847030150580e-01
   1.7989084002543343e+01  -2.2221630465704920e-01
   1.8109011229226965e+01  -2.2291042549397608e-01
   1.8228938455910590e+01  -2.2417602596523598e-01
   1.8348865682594212e+01  -2.2857698422189371e-01
   1.8468792909277834e+01  -2.3142757873320402e-01
   1.8588720135961456e+01  -2.3712687223665399e-01
   1.8708647362645078e+01  -2.4615065495022273e-01
   1.8828574589328696e+01  -2.5495218474642972e-01
   1.8948501816012321e+01  -2.6246304389909397e-01
   1.9068429042695946e+01  -2.6365769188615967e-01
   1.9188356269379568e+01  -2.6999505419898395e-01
   1.9308283496063190e+01  -2.7760930081496976e-01
   1.9428210722746812e+01  -2.8158561138366212e-01
   1.9548137949430437e+01  -2.8274177067979256e-01
   1.9668065176114055e+01  -2.8337155199559944e-01
   1.9787992402797677e+01  -2.8290241813141603e-01
   1.9907919629481302e+01  -2.8159446557484258e-01
