   0.0000000000000000e+00   2.0952760771725702e-02
   1.6757176918851147e+00   3.5809062225145699e-01
   3.3514353837702293e+00   6.0364318515418880e-01
   5.0271530756553444e+00   6.4030124186131887e-01
   6.7028707675404586e+00   6.3759057453313317e-01
   8.3785884594255737e+00   8.0574843082591341e-01
   1.0054306151310689e+01   7.7861624310083577e-01
   1.1730023843195804e+01   7.8265973987744863e-01
   1.3405741535080917e+01   7.6507284621405547e-01
   1.5081459226966032e+01   7.4889881335347142e-01
   1.6757176918851147e+01   7.3502806610719351e-01
   1.8432894610736263e+01   6.8102605871084121e-01
