   0.0000000000000000e+00  -1.2670616193943968e-01
   1.1992722668362230e-01   1.0941609739359243e-01
   2.3985445336724459e-01   3.5514429891669919e-01
   3.5978168005086691e-01   6.1223943619272447e-01
   4.7970890673448918e-01   7.2114875470429607e-01
   5.9963613341811151e-01   7.1925229662545709e-01
   7.1956336010173383e-01   6.1105605028099819e-01
   8.3949058678535615e-01   4.8470233320007350e-01
   9.5941781346897836e-01   3.6656382133049870e-01
   1.0793450401526006e+00   3.9654133337659558e-01
   1.1992722668362230e+00   4.2310373781353050e-01
   1.3191994935198452e+00   4.5183805047013570e-01
   1.4391267202034677e+00   5.0548202290862598e-01
   1.5590539468870899e+00   4.9783736948886470e-01
   1.6789811735707123e+00   4.7314148908133402e-01
   1.7989084002543343e+00   4.5146620886863431e-01
   1.9188356269379567e+00   4.1930738432047165e-01
   2.0387628536215789e+00   3.5557341575165224e-01
   2.1586900803052012e+00   3.3152248972089504e-01
   2.2786173069888238e+00   3.6553271875394278e-01
   2.3985445336724460e+00   3.3195209610720966e-01
   2.5184717603560682e+00   1.6809315318971690e-01
   2.6383989870396904e+00  -5.9890809512628485e-02
   2.7583262137233131e+00  -2.2746853082262991e-01
   2.8782534404069353e+00  -4.1012121633939730e-01
   2.9981806670905575e+00  -5.1549040318658634e-01
   3.1181078937741797e+00  -5.2196377712490172e-01
   3.2380351204578024e+00  -4.7588399503017553e-01
   3.3579623471414246e+00  -4.6820463881176733e-01
   3.4778895738250459e+00  -4.8391235066473548e-01
   3.5978168005086686e+00  -5.0806805920683551e-01
   3.7177440271922912e+00  -4.8033041203993726e-01
   3.8376712538759135e+00  -4.5826630886747244e-01
   3.9575984805595361e+00  -4.5084727126520374e-01
   4.0775257072431579e+00  -4.2332300103055354e-01
   4.1974529339267797e+00  -3.7943097653390256e-01
   4.3173801606104023e+00  -3.1281212500951272e-01
   4.4373073872940250e+00  -2.7160186013306653e-01
   4.5572346139776476e+00  -2.6581963104836759e-01
   4.6771618406612694e+00  -2.2426813914040578e-01
   4.7970890673448920e+00  -2.0587444804263089e-01
   4.9170162940285138e+00  -2.1059776318355125e-01
   5.0369435207121365e+00  -2.3285084658759242e-01
   5.1568707473957582e+00  -2.2374847483379678e-01
   5.2767979740793809e+00  -2.0855717603924720e-01
   5.3967252007630035e+00  -2.0744576000094953e-01
   5.5166524274466262e+00  -2.1740030929155674e-01
   5.6365796541302480e+00  -2.2817488280859949e-01
   5.7565068808138706e+00  -2.1147080551645100e-01
   5.8764341074974924e+00  -2.1348154880139486e-01
   5.9963613341811151e+00  -2.2721107989980266e-01
   6.1162885608647368e+00  -2.2138550145922278e-01
   6.2362157875483595e+00  -2.0161184263212206e-01
   6.3561430142319812e+00  -2.1044587362518719e-01
   6.4760702409156048e+00  -2.5932680268646974e-01
   6.5959974675992266e+00  -2.6110608648710387e-01
   6.7159246942828492e+00  -2.3088524345304678e-01
   6.8358519209664710e+00  -2.0400096748101232e-01
   6.9557791476500919e+00  -1.9337612936778178e-01
   7.0757063743337145e+00  -2.2623696595434453e-01
   7.1956336010173372e+00  -2.9019685027607794e-01
   7.3155608277009598e+00  -3.4296858302093725e-01
   7.4354880543845825e+00  -3.1869177821540895e-01
   7.5554152810682043e+00  -3.1227258015018894e-01
   7.6753425077518269e+00  -2.9344011479197663e-01
   7.7952697344354496e+00  -2.6570849614404907e-01
   7.9151969611190722e+00  -2.4504697489289967e-01
   8.0351241878026958e+00  -2.5230433304071997e-01
   8.1550514144863158e+00  -2.5441352358526442e-01
   8.2749786411699393e+00  -2.4869827352134605e-01
   8.3949058678535593e+00  -2.4294997858621065e-01
   8.5148330945371846e+00  -2.4219381537649043e-01
   8.6347603212208046e+00  -2.2700779767768212e-01
   8.7546875479044264e+00  -2.2232049981498589e-01
   8.8746147745880499e+00  -2.3558202534118622e-01
   8.9945420012716717e+00  -2.3921472268365609e-01
   9.1144692279552952e+00  -2.1987920550175816e-01
   9.2343964546389170e+00  -2.3584458978904241e-01
   9.3543236813225388e+00  -2.7516525967832128e-01
   9.4742509080061605e+00  -2.8160199903964034e-01
   9.5941781346897841e+00  -2.5678615608514932e-01
   9.7141053613734059e+00  -2.5515525364697045e-01
   9.8340325880570276e+00  -2.6615108258662262e-01
   9.9539598147406512e+00  -2.4423999960652423e-01
   1.0073887041424273e+01  -2.0398347808909878e-01
   1.0193814268107896e+01  -2.1061004831144339e-01
   1.0313741494791516e+01  -2.4653274991489446e-01
   1.0433668721475140e+01  -2.4921546638454861e-01
   1.0553595948158762e+01  -2.2639625037628960e-01
   1.0673523174842384e+01  -2.1462077513089037e-01
   1.0793450401526007e+01  -2.1347546348659227e-01
   1.0913377628209629e+01  -2.0943006616655274e-01
   1.1033304854893252e+01  -2.1398636680512598e-01
   1.1153232081576874e+01  -2.3219942184934408e-01
   1.1273159308260496e+01  -2.4522997001935126e-01
   1.1393086534944118e+01  -2.4781638523888647e-01
   1.1513013761627741e+01  -2.4899261165550804e-01
   1.1632940988311361e+01  -2.4862990118589454e-01
   1.1752868214994985e+01  -2.4531105619835331e-01
   1.1872795441678608e+01  -2.3851786844840134e-01
   1.1992722668362230e+01  -2.3209378869026495e-01
   1.2112649895045854e+01  -2.3334780977769076e-01
   1.2232577121729474e+01  -2.3973381545479672e-01
   1.2352504348413097e+01  -2.4169480917846056e-01
   1.2472431575096719e+01  -2.4128728254100798e-01
   1.2592358801780341e+01  -2.3858639904212975e-01
   1.2712286028463962e+01  -2.3390436523911928e-01
   1.2832213255147586e+01  -2.3504681456171408e-01
   1.2952140481831210e+01  -2.3492270457955255e-01
   1.3072067708514831e+01  -2.3934632281334389e-01
   1.3191994935198453e+01  -2.4355076278430515e-01
   1.3311922161882075e+01  -2.4434326194982162e-01
   1.3431849388565698e+01  -2.4666527984163025e-01
   1.3551776615249318e+01  -2.4609440457712567e-01
   1.3671703841932942e+01  -2.4107178430368476e-01
   1.3791631068616564e+01  -2.3752508530087010e-01
   1.3911558295300184e+01  -2.3207532768264050e-01
   1.4031485521983807e+01  -2.2991418029573937e-01
   1.4151412748667429e+01  -2.3165832743626136e-01
   1.4271339975351053e+01  -2.3516034306466133e-01
   1.4391267202034674e+01  -2.3651100114043155e-01
   1.4511194428718298e+01  -2.3882512101872788e-01
   1.4631121655401920e+01  -2.4111119594491034e-01
   1.4751048882085543e+01  -2.3956361126884046e-01
   1.4870976108769165e+01  -2.3595482649246707e-01
   1.4990903335452785e+01  -2.3700227715259989e-01
   1.5110830562136409e+01  -2.3794847710107694e-01
   1.5230757788820030e+01  -2.3843870209600457e-01
   1.5350685015503654e+01  -2.3764702061141213e-01
   1.5470612242187276e+01  -2.3692386657516848e-01
   1.5590539468870899e+01  -2.3686053794352080e-01
   1.5710466695554521e+01  -2.3670962500654516e-01
   1.5830393922238144e+01  -2.3639449181679623e-01
   1.5950321148921766e+01  -2.3653728690805428e-01
   1.6070248375605392e+01  -2.3673771065786525e-01
   1.6190175602289010e+01  -2.3653405492751750e-01
   1.6310102828972632e+01  -2.3631207757515379e-01
   1.6430030055656253e+01  -2.3630464445050287e-01
   1.6549957282339879e+01  -2.3633754159695647e-01
   1.6669884509023497e+01  -2.3648352042415585e-01
   1.6789811735707119e+01  -2.3646078906718082e-01
   1.6909738962390744e+01  -2.3639688604537404e-01
   1.7029666189074369e+01  -2.3625327815616873e-01
   1.7149593415757991e+01  -2.3603597181002092e-01
   1.7269520642441609e+01  -2.3664140478897075e-01
   1.7389447869125231e+01  -2.3695985458505472e-01
   1.7509375095808853e+01  -2.3624768744560476e-01
   1.7629302322492475e+01  -2.3641803639131451e-01
   1.7749229549176100e+01  -2.3678544947848082e-01
   1.7869156775859725e+01  -2.3676572202553392e-01
   1.7989084002543343e+01  -2.3675716663200053e-01
   1.8109011229226965e+01  -2.3670575686528855e-01
   1.8228938455910590e+01  -2.3666925664935665e-01
   1.8348865682594212e+01  -2.3667687564171408e-01
   1.8468792909277834e+01  -2.3668770543245507e-01
   1.8588720135961456e+01  -2.3668806493618161e-01
   1.8708647362645078e+01  -2.3671015020299277e-01
   1.8828574589328696e+01  -2.3673341059088066e-01
   1.8948501816012321e+01  -2.3671236216961500e-01
   1.9068429042695946e+01  -2.3670579655658278e-01
   1.9188356269379568e+01  -2.3670295345153067e-01
   1.9308283496063190e+01  -2.3669568836410249e-01
   1.9428210722746812e+01  -2.3670140560526071e-01
   1.9548137949430437e+01  -2.3669558031143745e-01
   1.9668065176114055e+01  -2.3670248092891691e-01
   1.9787992402797677e+01  -2.3669771980428209e-01
   1.9907919629481302e+01  -2.3670133429599580e-01
