   0.0000000000000000e+00   1.0227821241693393e+00
   5.1020408163265307e-02   1.0626336192944761e+00
   1.0204081632653061e-01   1.0537894298249619e+00
   1.5306122448979592e-01   1.0687970825716886e+00
   2.0408163265306123e-01   1.0769553193928563e+00
   2.5510204081632654e-01   1.0774866663810512e+00
   3.0612244897959184e-01   1.0685006706162785e+00
   3.5714285714285715e-01   1.0583650263449651e+00
   4.0816326530612246e-01   1.0377379558379056e+00
   4.5918367346938777e-01   1.0170274411579454e+00
   5.1020408163265307e-01   9.9939549282638385e-01
   5.6122448979591844e-01   9.8230392473274308e-01
   6.1224489795918369e-01   9.5901818852273046e-01
   6.6326530612244894e-01   9.4308770445913925e-01
   7.1428571428571430e-01   9.2805864893200585e-01
   7.6530612244897966e-01   9.1054789343336651e-01
   8.1632653061224492e-01   8.8597454844451762e-01
   8.6734693877551017e-01   8.6782334943269923e-01
   9.1836734693877553e-01   8.4849587977498053e-01
   9.6938775510204089e-01   8.2184098416326790e-01
   1.0204081632653061e+00   7.9489329487982086e-01
   1.0714285714285714e+00   7.7152109605936403e-01
   1.1224489795918369e+00   7.4815286811138082e-01
   1.1734693877551021e+00   7.1403639156493093e-01
   1.2244897959183674e+00   6.8848654082170846e-01
   1.2755102040816326e+00   6.6496581697042989e-01
   1.3265306122448979e+00   6.4067570454860734e-01
   1.3775510204081631e+00   6.1041828921245744e-01
   1.4285714285714286e+00   5.9146406649369909e-01
   1.4795918367346939e+00   5.7456232284883590e-01
   1.5306122448979591e+00   5.5477412224482792e-01
   1.5816326530612246e+00   5.3617622562379397e-01
   1.6326530612244898e+00   5.2157455997841884e-01
   1.6836734693877551e+00   5.0651731355760543e-01
   1.7346938775510203e+00   4.8370471590547481e-01
   1.7857142857142856e+00   4.8002448782788110e-01
