   0.0000000000000000e+00   1.0052708718947490e+00
   2.5510204081632654e-01   1.0442400967139294e+00
   5.1020408163265307e-01   1.0411241324488438e+00
   7.6530612244897955e-01   1.0597691057617733e+00
   1.0204081632653061e+00   1.0772055543107746e+00
   1.2755102040816326e+00   1.0922032063211966e+00
   1.5306122448979591e+00   1.0998476223666256e+00
   1.7857142857142856e+00   1.0879872222892288e+00
   2.0408163265306123e+00   1.0672961299289856e+00
   2.2959183673469385e+00   1.0532722927693534e+00
   2.5510204081632653e+00   1.0399530497858116e+00
   2.8061224489795920e+00   1.0003826294301390e+00
   3.0612244897959182e+00   9.6746125607541889e-01
   3.3163265306122445e+00   9.6434573340823426e-01
   3.5714285714285712e+00   9.4732205237371181e-01
   3.8265306122448983e+00   9.1550563814499764e-01
   4.0816326530612246e+00   8.9433923597851306e-01
   4.3367346938775508e+00   8.8711562534200172e-01
   4.5918367346938771e+00   8.5805570811167142e-01
   4.8469387755102042e+00   8.3190304054009334e-01
   5.1020408163265305e+00   8.0853672468876514e-01
   5.3571428571428568e+00   7.8304995205028949e-01
   5.6122448979591839e+00   7.4150905834603820e-01
   5.8673469387755102e+00   7.1870056568714591e-01
   6.1224489795918364e+00   6.9245431111251721e-01
   6.3775510204081627e+00   6.6062797096073167e-01
   6.6326530612244889e+00   6.3390872372419715e-01
   6.8877551020408152e+00   6.1562811685963348e-01
   7.1428571428571423e+00   5.9647402245957182e-01
   7.3979591836734686e+00   5.7451743721406134e-01
   7.6530612244897949e+00   5.5789018970876159e-01
   7.9081632653061229e+00   5.4088067994541222e-01
   8.1632653061224492e+00   5.2149644506314263e-01
   8.4183673469387745e+00   5.0782730849128532e-01
   8.6734693877551017e+00   4.8583767573178166e-01
   8.9285714285714270e+00   4.7605528406986292e-01
