   0.0000000000000000e+00   9.6867750756881155e-01
   5.1020408163265307e-02   9.6855871661617354e-01
   1.0204081632653061e-01   9.6701819036287917e-01
   1.5306122448979592e-01   9.9056276273079713e-01
   2.0408163265306123e-01   1.0254710595728380e+00
   2.5510204081632654e-01   1.0607614044640370e+00
   3.0612244897959184e-01   1.0957873686539557e+00
   3.5714285714285715e-01   1.1159641816766328e+00
   4.0816326530612246e-01   1.1289367355322160e+00
   4.5918367346938777e-01   1.1309818379535495e+00
   5.1020408163265307e-01   1.1285145084626484e+00
   5.6122448979591844e-01   1.1223309131199601e+00
   6.1224489795918369e-01   1.0993557095683806e+00
   6.6326530612244894e-01   1.0847730431362459e+00
   7.1428571428571430e-01   1.0715706936682619e+00
   7.6530612244897966e-01   1.0567823649479280e+00
   8.1632653061224492e-01   1.0361851782155822e+00
   8.6734693877551017e-01   1.0204310585623340e+00
   9.1836734693877553e-01   1.0032796327637170e+00
   9.6938775510204089e-01   9.7455703541626504e-01
   1.0204081632653061e+00   9.4446704800867209e-01
   1.0714285714285714e+00   9.1852952346210637e-01
   1.1224489795918369e+00   8.8948452254442711e-01
   1.1734693877551021e+00   8.4447780458338528e-01
   1.2244897959183674e+00   8.1562666404771300e-01
   1.2755102040816326e+00   7.9057764490594140e-01
   1.3265306122448979e+00   7.6578275948571628e-01
   1.3775510204081631e+00   7.3570919900821818e-01
   1.4285714285714286e+00   7.1762365396927863e-01
   1.4795918367346939e+00   7.0093609690797853e-01
   1.5306122448979591e+00   6.7972672785515953e-01
   1.5816326530612246e+00   6.5798646133870831e-01
   1.6326530612244898e+00   6.4000818086576272e-01
   1.6836734693877551e+00   6.2029653623327863e-01
   1.7346938775510203e+00   5.8918307152774763e-01
   1.7857142857142856e+00   5.8412874344777665e-01
