   0.0000000000000000e+00   1.0000000000000000e+00
   5.1020408163265307e-02   1.0037053864404979e+00
   1.0204081632653061e-01   1.0125374699538217e+00
   1.5306122448979592e-01   1.0247854455540142e+00
   2.0408163265306123e-01   1.0398842704290310e+00
   2.5510204081632654e-01   1.0576963668337209e+00
   3.0612244897959184e-01   1.0779337315588293e+00
   3.5714285714285715e-01   1.0984190456988978e+00
   4.0816326530612246e-01   1.1108060780329512e+00
   4.5918367346938777e-01   1.1068378539677981e+00
   5.1020408163265307e-01   1.0915637337513076e+00
   5.6122448979591844e-01   1.0712479162315134e+00
   6.1224489795918369e-01   1.0486295453187926e+00
   6.6326530612244894e-01   1.0248096134346980e+00
   7.1428571428571430e-01   1.0002872951029906e+00
   7.6530612244897966e-01   9.7530897742331246e-01
   8.1632653061224492e-01   9.5001356353599042e-01
   8.6734693877551017e-01   9.2449134030180891e-01
   9.1836734693877553e-01   8.9882430817519154e-01
   9.6938775510204089e-01   8.7308004558342300e-01
   1.0204081632653061e+00   8.4733202662478591e-01
   1.0714285714285714e+00   8.2165301128852386e-01
   1.1224489795918369e+00   7.9611391340041759e-01
   1.1734693877551021e+00   7.7077766309884721e-01
   1.2244897959183674e+00   7.4569824240102800e-01
   1.2755102040816326e+00   7.2092401222842795e-01
   1.3265306122448979e+00   6.9649799629560416e-01
   1.3775510204081631e+00   6.7245552002863729e-01
   1.4285714285714286e+00   6.4882471608396919e-01
   1.4795918367346939e+00   6.2563472481113080e-01
   1.5306122448979591e+00   6.0290547523818716e-01
   1.5816326530612246e+00   5.8065957004891944e-01
   1.6326530612244898e+00   5.5891178814850129e-01
   1.6836734693877551e+00   5.3767990034085544e-01
   1.7346938775510203e+00   5.1697359910286478e-01
   1.7857142857142856e+00   4.9680956042429925e-01
