   0.0000000000000000e+00   1.0278747980576446e+00
   5.1020408163265307e-02   1.0638768047430323e+00
   1.0204081632653061e-01   1.0558869271384792e+00
   1.5306122448979592e-01   1.0627754893889509e+00
   2.0408163265306123e-01   1.0612106673369694e+00
   2.5510204081632654e-01   1.0551235608269822e+00
   3.0612244897959184e-01   1.0417390999180987e+00
   3.5714285714285715e-01   1.0272394286938504e+00
   4.0816326530612246e-01   1.0059233556196154e+00
   4.5918367346938777e-01   9.8567575032274135e-01
   5.1020408163265307e-01   9.6802702045893396e-01
   5.6122448979591844e-01   9.5096049527794857e-01
   6.1224489795918369e-01   9.2745920521482750e-01
   6.6326530612244894e-01   9.1099815511681448e-01
   7.1428571428571430e-01   8.9536838037436484e-01
   7.6530612244897966e-01   8.7734883100841310e-01
   8.1632653061224492e-01   8.5275195126641612e-01
   8.6734693877551017e-01   8.3467006329980886e-01
   9.1836734693877553e-01   8.1574930570520932e-01
   9.6938775510204089e-01   7.9020579843308858e-01
   1.0204081632653061e+00   7.6478075629251019e-01
   1.0714285714285714e+00   7.4288456615073728e-01
   1.1224489795918369e+00   7.2116290957915563e-01
   1.1734693877551021e+00   6.8937623232515688e-01
   1.2244897959183674e+00   6.6533261571473945e-01
   1.2755102040816326e+00   6.4304807844791900e-01
   1.3265306122448979e+00   6.1986908714480504e-01
   1.3775510204081631e+00   5.9074378265180016e-01
   1.4285714285714286e+00   5.7230422573415130e-01
   1.4795918367346939e+00   5.5579804677139655e-01
   1.5306122448979591e+00   5.3658853386465433e-01
   1.5816326530612246e+00   5.1872258491283396e-01
   1.6326530612244898e+00   5.0484449682381682e-01
   1.6836734693877551e+00   4.9081237419627821e-01
   1.7346938775510203e+00   4.6969194795387320e-01
   1.7857142857142856e+00   4.6628860072017919e-01
