   0.0000000000000000e+00   1.0000000000000000e+00
   5.1020408163265307e-02   1.0051860494576306e+00
   1.0204081632653061e-01   1.0172312702679678e+00
   1.5306122448979592e-01   1.0341589985379780e+00
   2.0408163265306123e-01   1.0557068130847924e+00
   2.5510204081632654e-01   1.0807141202580650e+00
   3.0612244897959184e-01   1.0968083594449518e+00
   3.5714285714285715e-01   1.0913570047264740e+00
   4.0816326530612246e-01   1.0763240460405035e+00
   4.5918367346938777e-01   1.0580577340199533e+00
   5.1020408163265307e-01   1.0382049468227976e+00
   5.6122448979591844e-01   1.0172654267148273e+00
   6.1224489795918369e-01   9.9543365771454795e-01
   6.6326530612244894e-01   9.7281210667531293e-01
   7.1428571428571430e-01   9.4951527699548022e-01
   7.6530612244897966e-01   9.2567585708752209e-01
   8.1632653061224492e-01   9.0143625013172379e-01
   8.6734693877551017e-01   8.7693339826195627e-01
   9.1836734693877553e-01   8.5228973095587213e-01
   9.6938775510204089e-01   8.2760888084141482e-01
   1.0204081632653061e+00   8.0298609568343071e-01
   1.0714285714285714e+00   7.7849052535356766e-01
   1.1224489795918369e+00   7.5419286796708440e-01
   1.1734693877551021e+00   7.3014747468796337e-01
   1.2244897959183674e+00   7.0640420789176128e-01
   1.2755102040816326e+00   6.8300138718113967e-01
   1.3265306122448979e+00   6.5997621048916444e-01
   1.3775510204081631e+00   6.3735904537661225e-01
   1.4285714285714286e+00   6.1517567848708465e-01
   1.4795918367346939e+00   5.9344786429194607e-01
   1.5306122448979591e+00   5.7219380195131597e-01
   1.5816326530612246e+00   5.5142732175892950e-01
   1.6326530612244898e+00   5.3116435833880604e-01
   1.6836734693877551e+00   5.1141100464261657e-01
   1.7346938775510203e+00   4.9217600822120233e-01
   1.7857142857142856e+00   4.7346381060911497e-01
