   0.0000000000000000e+00   1.0000000000000000e+00
   5.1020408163265307e-02   1.0068166578825486e+00
   1.0204081632653061e-01   1.0224465162413512e+00
   1.5306122448979592e-01   1.0450341447016773e+00
   2.0408163265306123e-01   1.0723705718672034e+00
   2.5510204081632654e-01   1.0807291740846496e+00
   3.0612244897959184e-01   1.0705732641403278e+00
   3.5714285714285715e-01   1.0560474273299092e+00
   4.0816326530612246e-01   1.0396632953765184e+00
   4.5918367346938777e-01   1.0218515110688058e+00
   5.1020408163265307e-01   1.0027100369313164e+00
   5.6122448979591844e-01   9.8235303111771177e-01
   6.1224489795918369e-01   9.6097486553434230e-01
   6.6326530612244894e-01   9.3878167766665488e-01
   7.1428571428571430e-01   9.1596702974970845e-01
   7.6530612244897966e-01   8.9268915836882767e-01
   8.1632653061224492e-01   8.6909425623774894e-01
   8.6734693877551017e-01   8.4530312209229563e-01
   9.1836734693877553e-01   8.2141564776637355e-01
   9.6938775510204089e-01   7.9752983005405798e-01
   1.0204081632653061e+00   7.7372625833050634e-01
   1.0714285714285714e+00   7.5007015912980679e-01
   1.1224489795918369e+00   7.2662782197432096e-01
   1.1734693877551021e+00   7.0345044268647161e-01
   1.2244897959183674e+00   6.8058363502366293e-01
   1.2755102040816326e+00   6.5806653331892939e-01
   1.3265306122448979e+00   6.3593252077770857e-01
   1.3775510204081631e+00   6.1420987311778819e-01
   1.4285714285714286e+00   5.9292364632523320e-01
   1.4795918367346939e+00   5.7208959852277341e-01
   1.5306122448979591e+00   5.5172780148370226e-01
   1.5816326530612246e+00   5.3185104953009710e-01
   1.6326530612244898e+00   5.1246588434820084e-01
   1.6836734693877551e+00   4.9358229730907927e-01
   1.7346938775510203e+00   4.7520872398199698e-01
   1.7857142857142856e+00   4.5734195026971414e-01
