   0.0000000000000000e+00   1.0227821241693393e+00
   3.6443148688046645e-01   1.0626336192944761e+00
   7.2886297376093290e-01   1.0537894298249619e+00
   1.0932944606413992e+00   1.0687970825716886e+00
   1.4577259475218658e+00   1.0769553193928563e+00
   1.8221574344023321e+00   1.0774866663810512e+00
   2.1865889212827985e+00   1.0685006706162785e+00
   2.5510204081632653e+00   1.0583650263449651e+00
   2.9154518950437316e+00   1.0377379558379056e+00
   3.2798833819241979e+00   1.0170274411579454e+00
   3.6443148688046643e+00   9.9939549282638385e-01
   4.0087463556851315e+00   9.8230392473274308e-01
   4.3731778425655969e+00   9.5901818852273046e-01
   4.7376093294460633e+00   9.4308770445913925e-01
   5.1020408163265305e+00   9.2805864893200585e-01
   5.4664723032069968e+00   9.1054789343336651e-01
   5.8309037900874632e+00   8.8597454844451762e-01
   6.1953352769679295e+00   8.6782334943269923e-01
   6.5597667638483959e+00   8.4849587977498053e-01
   6.9241982507288631e+00   8.2184098416326790e-01
   7.2886297376093285e+00   7.9489329487982086e-01
   7.6530612244897949e+00   7.7152109605936403e-01
   8.0174927113702630e+00   7.4815286811138082e-01
   8.3819241982507293e+00   7.1403639156493093e-01
   8.7463556851311939e+00   6.8848654082170846e-01
   9.1107871720116602e+00   6.6496581697042989e-01
   9.4752186588921266e+00   6.4067570454860734e-01
   9.8396501457725929e+00   6.1041828921245744e-01
   1.0204081632653061e+01   5.9146406649369909e-01
   1.0568513119533527e+01   5.7456232284883590e-01
   1.0932944606413992e+01   5.5477412224482792e-01
   1.1297376093294460e+01   5.3617622562379397e-01
   1.1661807580174926e+01   5.2157455997841884e-01
   1.2026239067055393e+01   5.0651731355760543e-01
   1.2390670553935859e+01   4.8370471590547481e-01
   1.2755102040816324e+01   4.8002448782788110e-01
