   0.0000000000000000e+00   1.0000000000000000e+00
   5.1020408163265307e-02   1.0090946059716241e+00
   1.0204081632653061e-01   1.0300280129902206e+00
   1.5306122448979592e-01   1.0586977734776095e+00
   2.0408163265306123e-01   1.0620598298670023e+00
   2.5510204081632654e-01   1.0522003151684163e+00
   3.0612244897959184e-01   1.0398197073463746e+00
   3.5714285714285715e-01   1.0255949006786711e+00
   4.0816326530612246e-01   1.0095416350690385e+00
   4.5918367346938777e-01   9.9185783825522378e-01
   5.1020408163265307e-01   9.7282342428037694e-01
   5.6122448979591844e-01   9.5268767791466724e-01
   6.1224489795918369e-01   9.3166445480000715e-01
   6.6326530612244894e-01   9.0993436528650840e-01
   7.1428571428571430e-01   8.8765323426346665e-01
   7.6530612244897966e-01   8.6496339768874031e-01
   8.1632653061224492e-01   8.4199680829368784e-01
   8.6734693877551017e-01   8.1885943453602494e-01
   9.1836734693877553e-01   7.9565189784069723e-01
   9.6938775510204089e-01   7.7246115797037973e-01
   1.0204081632653061e+00   7.4936359024816657e-01
   1.0714285714285714e+00   7.2642603235133152e-01
   1.1224489795918369e+00   7.0370517416429534e-01
   1.1734693877551021e+00   6.8125472464321057e-01
   1.2244897959183674e+00   6.5911667408889774e-01
   1.2755102040816326e+00   6.3732982478126499e-01
   1.3265306122448979e+00   6.1592311650943643e-01
   1.3775510204081631e+00   5.9492484495383713e-01
   1.4285714285714286e+00   5.7435738323849428e-01
   1.4795918367346939e+00   5.5423911923675839e-01
   1.5306122448979591e+00   5.3458369439245568e-01
   1.5816326530612246e+00   5.1540632084931415e-01
   1.6326530612244898e+00   4.9671225405723934e-01
   1.6836734693877551e+00   4.7850897007345328e-01
   1.7346938775510203e+00   4.6080050570986253e-01
   1.7857142857142856e+00   4.4358790725106567e-01
