   0.0000000000000000e+00   1.0052708718947490e+00
   5.1020408163265307e-02   1.0442400967139294e+00
   1.0204081632653061e-01   1.0411241324488438e+00
   1.5306122448979592e-01   1.0597691057617733e+00
   2.0408163265306123e-01   1.0772055543107746e+00
   2.5510204081632654e-01   1.0922032063211966e+00
   3.0612244897959184e-01   1.0998476223666256e+00
   3.5714285714285715e-01   1.0879872222892288e+00
   4.0816326530612246e-01   1.0672961299289856e+00
   4.5918367346938777e-01   1.0532722927693534e+00
   5.1020408163265307e-01   1.0399530497858116e+00
   5.6122448979591844e-01   1.0003826294301390e+00
   6.1224489795918369e-01   9.6746125607541889e-01
   6.6326530612244894e-01   9.6434573340823426e-01
   7.1428571428571430e-01   9.4732205237371181e-01
   7.6530612244897966e-01   9.1550563814499764e-01
   8.1632653061224492e-01   8.9433923597851306e-01
   8.6734693877551017e-01   8.8711562534200172e-01
   9.1836734693877553e-01   8.5805570811167142e-01
   9.6938775510204089e-01   8.3190304054009334e-01
   1.0204081632653061e+00   8.0853672468876514e-01
   1.0714285714285714e+00   7.8304995205028949e-01
   1.1224489795918369e+00   7.4150905834603820e-01
   1.1734693877551021e+00   7.1870056568714591e-01
   1.2244897959183674e+00   6.9245431111251721e-01
   1.2755102040816326e+00   6.6062797096073167e-01
   1.3265306122448979e+00   6.3390872372419715e-01
   1.3775510204081631e+00   6.1562811685963348e-01
   1.4285714285714286e+00   5.9647402245957182e-01
   1.4795918367346939e+00   5.7451743721406134e-01
   1.5306122448979591e+00   5.5789018970876159e-01
   1.5816326530612246e+00   5.4088067994541222e-01
   1.6326530612244898e+00   5.2149644506314263e-01
   1.6836734693877551e+00   5.0782730849128532e-01
   1.7346938775510203e+00   4.8583767573178166e-01
   1.7857142857142856e+00   4.7605528406986292e-01
