   0.0000000000000000e+00   9.6867750756881155e-01
   1.9623233908948196e-01   9.6855871661617354e-01
   3.9246467817896391e-01   9.6701819036287917e-01
   5.8869701726844581e-01   9.9056276273079713e-01
   7.8492935635792782e-01   1.0254710595728380e+00
   9.8116169544740972e-01   1.0607614044640370e+00
   1.1773940345368916e+00   1.0957873686539557e+00
   1.3736263736263736e+00   1.1159641816766328e+00
   1.5698587127158556e+00   1.1289367355322160e+00
   1.7660910518053374e+00   1.1309818379535495e+00
   1.9623233908948194e+00   1.1285145084626484e+00
   2.1585557299843017e+00   1.1223309131199601e+00
   2.3547880690737832e+00   1.0993557095683806e+00
   2.5510204081632653e+00   1.0847730431362459e+00
   2.7472527472527473e+00   1.0715706936682619e+00
   2.9434850863422293e+00   1.0567823649479280e+00
   3.1397174254317113e+00   1.0361851782155822e+00
   3.3359497645211929e+00   1.0204310585623340e+00
   3.5321821036106749e+00   1.0032796327637170e+00
   3.7284144427001573e+00   9.7455703541626504e-01
   3.9246467817896389e+00   9.4446704800867209e-01
   4.1208791208791204e+00   9.1852952346210637e-01
   4.3171114599686033e+00   8.8948452254442711e-01
   4.5133437990580854e+00   8.4447780458338528e-01
   4.7095761381475665e+00   8.1562666404771300e-01
   4.9058084772370485e+00   7.9057764490594140e-01
   5.1020408163265305e+00   7.6578275948571628e-01
   5.2982731554160116e+00   7.3570919900821818e-01
   5.4945054945054945e+00   7.1762365396927863e-01
   5.6907378335949765e+00   7.0093609690797853e-01
   5.8869701726844577e+00   6.7972672785515953e-01
   6.0832025117739406e+00   6.5798646133870831e-01
   6.2794348508634226e+00   6.4000818086576272e-01
   6.4756671899529037e+00   6.2029653623327863e-01
   6.6718995290423857e+00   5.8918307152774763e-01
   6.8681318681318677e+00   5.8412874344777665e-01
