   0.0000000000000000e+00   2.5321139227379630e-01
   5.1020408163265307e-02   3.0772900941600928e-01
   1.0204081632653061e-01   2.9562998693471637e-01
   1.5306122448979592e-01   3.3766741020576874e-01
   2.0408163265306123e-01   3.8551901057825821e-01
   2.5510204081632654e-01   4.3035743352732458e-01
   3.0612244897959184e-01   4.5384603634932164e-01
   3.5714285714285715e-01   4.9312281439044431e-01
   4.0816326530612246e-01   5.2234111983651799e-01
   4.5918367346938777e-01   5.3957580586986764e-01
   5.1020408163265307e-01   5.5089132163434051e-01
   5.6122448979591844e-01   5.5465024403455498e-01
   6.1224489795918369e-01   5.4922191636632267e-01
   6.6326530612244894e-01   5.5463342304716479e-01
   7.1428571428571430e-01   5.5867240345771230e-01
   7.6530612244897966e-01   5.5855912463324242e-01
   8.1632653061224492e-01   5.5097819251736069e-01
   8.6734693877551017e-01   5.5085122248350071e-01
   9.1836734693877553e-01   5.4935147553945396e-01
   9.6938775510204089e-01   5.3992217061426018e-01
   1.0204081632653061e+00   5.3106981142990750e-01
   1.0714285714285714e+00   5.2695758824466410e-01
   1.1224489795918369e+00   5.2390949172196632e-01
   1.1734693877551021e+00   5.1312975342516587e-01
   1.2244897959183674e+00   5.1104562255502028e-01
   1.2755102040816326e+00   5.1025799441532715e-01
   1.3265306122448979e+00   5.0867095710094823e-01
   1.3775510204081631e+00   5.0165431778388470e-01
   1.4285714285714286e+00   4.9812081528489410e-01
   1.4795918367346939e+00   4.9569297876425877e-01
   1.5306122448979591e+00   4.8908038385981789e-01
   1.5816326530612246e+00   4.8119006361157424e-01
   1.6326530612244898e+00   4.7639415788986450e-01
   1.6836734693877551e+00   4.7157298458150954e-01
   1.7346938775510203e+00   4.6061115835196959e-01
   1.7857142857142856e+00   4.5874036685787656e-01
