   0.0000000000000000e+00   2.4804777652346785e-01
   5.1020408163265307e-02   2.5798080217005825e-01
   1.0204081632653061e-01   2.7376212535261019e-01
   1.5306122448979592e-01   2.9057261852251326e-01
   2.0408163265306123e-01   3.0827952542411835e-01
   2.5510204081632654e-01   3.2782756320661999e-01
   3.0612244897959184e-01   3.5105187827700912e-01
   3.5714285714285715e-01   3.8074813939828944e-01
   4.0816326530612246e-01   4.1670750736697060e-01
   4.5918367346938777e-01   4.4829630261543096e-01
   5.1020408163265307e-01   4.6899395766592017e-01
   5.6122448979591844e-01   4.8128981587288167e-01
   6.1224489795918369e-01   4.8826995160668774e-01
   6.6326530612244894e-01   4.9189356990093469e-01
   7.1428571428571430e-01   4.9333267986235685e-01
   7.6530612244897966e-01   4.9330167149406762e-01
   8.1632653061224492e-01   4.9224684321987228e-01
   8.6734693877551017e-01   4.9045279898463762e-01
   9.1836734693877553e-01   4.8810501597636241e-01
   9.6938775510204089e-01   4.8532824016995740e-01
   1.0204081632653061e+00   4.8221021696295019e-01
   1.0714285714285714e+00   4.7881590127521434e-01
   1.1224489795918369e+00   4.7519554313148132e-01
   1.1734693877551021e+00   4.7138911165964581e-01
   1.2244897959183674e+00   4.6742874330090312e-01
   1.2755102040816326e+00   4.6334022927770507e-01
   1.3265306122448979e+00   4.5914407020295128e-01
   1.3775510204081631e+00   4.5485633248820267e-01
   1.4285714285714286e+00   4.5048939295461510e-01
   1.4795918367346939e+00   4.4605259586369689e-01
   1.5306122448979591e+00   4.4155282700210291e-01
   1.5816326530612246e+00   4.3699500723680357e-01
   1.6326530612244898e+00   4.3238251070844624e-01
   1.6836734693877551e+00   4.2771751556095694e-01
   1.7346938775510203e+00   4.2300126397285265e-01
   1.7857142857142856e+00   4.1823443323197018e-01
