   0.0000000000000000e+00   2.5330896492693705e-01
   5.1020408163265307e-02   2.7800434619899983e-01
   1.0204081632653061e-01   3.1169991313710144e-01
   1.5306122448979592e-01   3.5142348142134971e-01
   2.0408163265306123e-01   4.1132514495874994e-01
   2.5510204081632654e-01   4.8264829776593865e-01
   3.0612244897959184e-01   5.1829896127557162e-01
   3.5714285714285715e-01   5.3434561180315121e-01
   4.0816326530612246e-01   5.4197997667063347e-01
   4.5918367346938777e-01   5.4543839365889268e-01
   5.1020408163265307e-01   5.4647613470469714e-01
   5.6122448979591844e-01   5.4590154316769668e-01
   6.1224489795918369e-01   5.4416284417225791e-01
   6.6326530612244894e-01   5.4156054301593581e-01
   7.1428571428571430e-01   5.3831308285767276e-01
   7.6530612244897966e-01   5.3458062863062161e-01
   8.1632653061224492e-01   5.3048028286582594e-01
   8.6734693877551017e-01   5.2609825898734464e-01
   9.1836734693877553e-01   5.2149902026186945e-01
   9.6938775510204089e-01   5.1673160859210854e-01
   1.0204081632653061e+00   5.1183387310195483e-01
   1.0714285714285714e+00   5.0683531980808527e-01
   1.1224489795918369e+00   5.0175909683915487e-01
   1.1734693877551021e+00   4.9662342783261271e-01
   1.2244897959183674e+00   4.9144267528122559e-01
   1.2755102040816326e+00   4.8622814398513575e-01
   1.3265306122448979e+00   4.8098869593055704e-01
   1.3775510204081631e+00   4.7573122765160381e-01
   1.4285714285714286e+00   4.7046104365121560e-01
   1.4795918367346939e+00   4.6518215265653506e-01
   1.5306122448979591e+00   4.5989750450173228e-01
   1.5816326530612246e+00   4.5460918108934983e-01
   1.6326530612244898e+00   4.4931855125771952e-01
   1.6836734693877551e+00   4.4402639686624590e-01
   1.7346938775510203e+00   4.3873301559367195e-01
   1.7857142857142856e+00   4.3343830461480554e-01
