   0.0000000000000000e+00   2.1427705887668130e-01
   5.1020408163265307e-02   1.9584811137611066e-01
   1.0204081632653061e-01   1.9732168294755886e-01
   1.5306122448979592e-01   2.3244350972649322e-01
   2.0408163265306123e-01   2.7391315425454527e-01
   2.5510204081632654e-01   3.2048924214376673e-01
   3.0612244897959184e-01   3.7208385814523121e-01
   3.5714285714285715e-01   4.1753851508735257e-01
   4.0816326530612246e-01   4.6040971992788893e-01
   4.5918367346938777e-01   4.8638875821836070e-01
   5.1020408163265307e-01   5.0377220539327316e-01
   5.6122448979591844e-01   5.1826774701215839e-01
   6.1224489795918369e-01   5.2396230621227713e-01
   6.6326530612244894e-01   5.3617895594639764e-01
   7.1428571428571430e-01   5.4597546689096310e-01
   7.6530612244897966e-01   5.4845410706552888e-01
   8.1632653061224492e-01   5.4498140708681098e-01
   8.6734693877551017e-01   5.4198497994403039e-01
   9.1836734693877553e-01   5.3874538682250950e-01
   9.6938775510204089e-01   5.3127257038509690e-01
   1.0204081632653061e+00   5.2229478793272188e-01
   1.0714285714285714e+00   5.1260922613527271e-01
   1.1224489795918369e+00   5.0576283025920554e-01
   1.1734693877551021e+00   5.0829700863304939e-01
   1.2244897959183674e+00   5.0612244436298548e-01
   1.2755102040816326e+00   5.0213028412538185e-01
   1.3265306122448979e+00   5.0299221555065066e-01
   1.3775510204081631e+00   5.0728929476159923e-01
   1.4285714285714286e+00   5.0507821696649080e-01
   1.4795918367346939e+00   5.0043993951854870e-01
   1.5306122448979591e+00   4.9654087058759067e-01
   1.5816326530612246e+00   4.9119185051130587e-01
   1.6326530612244898e+00   4.8212832963972030e-01
   1.6836734693877551e+00   4.7544781753447929e-01
   1.7346938775510203e+00   4.6668462126344984e-01
   1.7857142857142856e+00   4.6301623639471196e-01
