   0.0000000000000000e+00  -1.7663114388327233e-01
   5.1020408163265307e-02   1.4407848182468641e-01
   1.0204081632653061e-01   7.2903819856506971e-02
   1.5306122448979592e-01   2.1863914210937507e-01
   2.0408163265306123e-01   3.4192442670760453e-01
   2.5510204081632654e-01   4.5604788659825701e-01
   3.0612244897959184e-01   4.9960619605834555e-01
   3.5714285714285715e-01   5.3476233194964162e-01
   4.0816326530612246e-01   5.5509964371620568e-01
   4.5918367346938777e-01   5.6633094739520673e-01
   5.1020408163265307e-01   5.7468209619742505e-01
   5.6122448979591844e-01   5.7651689339347745e-01
   6.1224489795918369e-01   5.6917062803148477e-01
   6.6326530612244894e-01   5.7376557203361844e-01
   7.1428571428571430e-01   5.7708598417313506e-01
   7.6530612244897966e-01   5.7620304065202688e-01
   8.1632653061224492e-01   5.6759337113773589e-01
   8.6734693877551017e-01   5.6667453244030230e-01
   9.1836734693877553e-01   5.6430372804703566e-01
   9.6938775510204089e-01   5.5375011769613947e-01
   1.0204081632653061e+00   5.4388046169687820e-01
   1.0714285714285714e+00   5.3895780926070025e-01
   1.1224489795918369e+00   5.3514136308529892e-01
   1.1734693877551021e+00   5.2350952042012111e-01
   1.2244897959183674e+00   5.2101731598323131e-01
   1.2755102040816326e+00   5.1994304941337810e-01
   1.3265306122448979e+00   5.1816359405566170e-01
   1.3775510204081631e+00   5.1110056567847584e-01
   1.4285714285714286e+00   5.0761339893338875e-01
   1.4795918367346939e+00   5.0519466389034406e-01
   1.5306122448979591e+00   4.9857969911808642e-01
   1.5816326530612246e+00   4.9064204200960859e-01
   1.6326530612244898e+00   4.8574829190688062e-01
   1.6836734693877551e+00   4.8073671908477605e-01
   1.7346938775510203e+00   4.6939745555171175e-01
   1.7857142857142856e+00   4.6746328369860640e-01
