   0.0000000000000000e+00   2.5430506648911361e-01
   5.1020408163265307e-02   2.9213292538040508e-01
   1.0204081632653061e-01   3.4363806583830775e-01
   1.5306122448979592e-01   4.2780131247614828e-01
   2.0408163265306123e-01   5.1309116833641111e-01
   2.5510204081632654e-01   5.4356365237306836e-01
   3.0612244897959184e-01   5.5600210504101066e-01
   3.5714285714285715e-01   5.6163060399381592e-01
   4.0816326530612246e-01   5.6376263191758369e-01
   4.5918367346938777e-01   5.6368208844086121e-01
   5.1020408163265307e-01   5.6210590052457232e-01
   5.6122448979591844e-01   5.5949618430420278e-01
   6.1224489795918369e-01   5.5615313214192796e-01
   6.6326530612244894e-01   5.5227523974981463e-01
   7.1428571428571430e-01   5.4799898891725196e-01
   7.6530612244897966e-01   5.4342191274499407e-01
   8.1632653061224492e-01   5.3861575649954307e-01
   8.6734693877551017e-01   5.3363442906453529e-01
   9.1836734693877553e-01   5.2851911575399402e-01
   9.6938775510204089e-01   5.2330170026976741e-01
   1.0204081632653061e+00   5.1800711755515927e-01
   1.0714285714285714e+00   5.1265501123333290e-01
   1.1224489795918369e+00   5.0726092857955718e-01
   1.1734693877551021e+00   5.0183720057147685e-01
   1.2244897959183674e+00   4.9639360225913104e-01
   1.2755102040816326e+00   4.9093785650138372e-01
   1.3265306122448979e+00   4.8547602373651438e-01
   1.3775510204081631e+00   4.8001280756203524e-01
   1.4285714285714286e+00   4.7455179675050702e-01
   1.4795918367346939e+00   4.6909565891218152e-01
   1.5306122448979591e+00   4.6364629627987314e-01
   1.5816326530612246e+00   4.5820497255719844e-01
   1.6326530612244898e+00   4.5277241564895265e-01
   1.6836734693877551e+00   4.4734890172446912e-01
   1.7346938775510203e+00   4.4193432370860070e-01
   1.7857142857142856e+00   4.3652824692440989e-01
