   0.0000000000000000e+00   3.8763142539694190e-01
   5.1020408163265307e-02   3.7920989699893004e-01
   1.0204081632653061e-01   2.6999631379325062e-01
   1.5306122448979592e-01   2.2125379536413675e-01
   2.0408163265306123e-01   2.0078598814609441e-01
   2.5510204081632654e-01   1.9077044488361156e-01
   3.0612244897959184e-01   1.9229737717784631e-01
   3.5714285714285715e-01   2.7077698439477738e-01
   4.0816326530612246e-01   3.4106752706921528e-01
   4.5918367346938777e-01   3.9582485279479229e-01
   5.1020408163265307e-01   4.3934032185469546e-01
   5.6122448979591844e-01   4.6806358838810153e-01
   6.1224489795918369e-01   4.8569434484233198e-01
   6.6326530612244894e-01   4.9420371267668051e-01
   7.1428571428571430e-01   5.0431723363082170e-01
   7.6530612244897966e-01   5.1092071228601599e-01
   8.1632653061224492e-01   5.0604855513980707e-01
   8.6734693877551017e-01   5.0844235965216056e-01
   9.1836734693877553e-01   5.0961447993648334e-01
   9.6938775510204089e-01   5.0868549465194968e-01
   1.0204081632653061e+00   5.0742006261455164e-01
   1.0714285714285714e+00   5.0751959541613445e-01
   1.1224489795918369e+00   5.0934989282362297e-01
   1.1734693877551021e+00   5.0345463897221820e-01
   1.2244897959183674e+00   5.0379772358675268e-01
   1.2755102040816326e+00   5.0357210534454111e-01
   1.3265306122448979e+00   5.0173119474060957e-01
   1.3775510204081631e+00   4.9713376317430874e-01
   1.4285714285714286e+00   4.9457304473580199e-01
   1.4795918367346939e+00   4.9295689679243632e-01
   1.5306122448979591e+00   4.8717740017587174e-01
   1.5816326530612246e+00   4.8073621379495157e-01
   1.6326530612244898e+00   4.7765164980150443e-01
   1.6836734693877551e+00   4.7346408608562751e-01
   1.7346938775510203e+00   4.6498680425274008e-01
   1.7857142857142856e+00   4.6355950739052731e-01
