100.00                   6.6119E-13               6.5871E-13               1.3199E-12
200.00                   6.6177E-13               6.5928E-13               1.3210E-12
300.00                   6.6272E-13               6.6023E-13               1.3230E-12
400.00                   6.6407E-13               6.6157E-13               1.3256E-12
500.00                   6.6581E-13               6.6330E-13               1.3291E-12
600.00                   6.6795E-13               6.6542E-13               1.3334E-12
700.00                   6.7049E-13               6.6795E-13               1.3384E-12
800.00                   6.7345E-13               6.7089E-13               1.3443E-12
900.00                   6.7683E-13               6.7426E-13               1.3511E-12
1000.0                   6.8066E-13               6.7806E-13               1.3587E-12
1100.0                   6.8493E-13               6.8231E-13               1.3672E-12
1200.0                   6.8968E-13               6.8703E-13               1.3767E-12
1300.0                   6.9491E-13               6.9224E-13               1.3871E-12
1400.0                   7.0066E-13               6.9795E-13               1.3986E-12
1500.0                   7.0693E-13               7.0418E-13               1.4111E-12
1600.0                   7.1376E-13               7.1098E-13               1.4247E-12
1700.0                   7.2118E-13               7.1836E-13               1.4395E-12
1800.0                   7.2922E-13               7.2635E-13               1.4556E-12
1900.0                   7.3792E-13               7.3500E-13               1.4729E-12
2000.0                   7.4731E-13               7.4434E-13               1.4917E-12
2100.0                   7.5745E-13               7.5442E-13               1.5119E-12
2200.0                   7.6838E-13               7.6528E-13               1.5337E-12
2300.0                   7.8016E-13               7.7700E-13               1.5572E-12
2400.0                   7.9286E-13               7.8962E-13               1.5825E-12
2500.0                   8.0655E-13               8.0323E-13               1.6098E-12
2600.0                   8.2130E-13               8.1790E-13               1.6392E-12
2700.0                   8.3722E-13               8.3373E-13               1.6709E-12
2800.0                   8.5440E-13               8.5081E-13               1.7052E-12
2900.0                   8.7297E-13               8.6927E-13               1.7422E-12
3000.0                   8.9305E-13               8.8924E-13               1.7823E-12
3100.0                   9.1482E-13               9.1088E-13               1.8257E-12
3200.0                   9.3844E-13               9.3436E-13               1.8728E-12
3300.0                   9.6412E-13               9.5990E-13               1.9240E-12
3400.0                   9.9210E-13               9.8772E-13               1.9798E-12
3500.0                   1.0227E-12               1.0181E-12               2.0408E-12
3600.0                   1.0562E-12               1.0514E-12               2.1076E-12
3700.0                   1.0929E-12               1.0880E-12               2.1809E-12
3800.0                   1.1335E-12               1.1283E-12               2.2618E-12
3900.0                   1.1784E-12               1.1730E-12               2.3514E-12
4000.0                   1.2284E-12               1.2226E-12               2.4510E-12
4100.0                   1.2841E-12               1.2781E-12               2.5622E-12
4200.0                   1.3468E-12               1.3404E-12               2.6872E-12
4300.0                   1.4177E-12               1.4108E-12               2.8285E-12
4400.0                   1.4983E-12               1.4910E-12               2.9894E-12
4500.0                   1.5909E-12               1.5831E-12               3.1741E-12
4600.0                   1.6983E-12               1.6898E-12               3.3881E-12
4700.0                   1.8240E-12               1.8149E-12               3.6389E-12
4800.0                   1.9733E-12               1.9633E-12               3.9365E-12
4900.0                   2.1531E-12               2.1421E-12               4.2953E-12
5000.0                   2.3740E-12               2.3617E-12               4.7357E-12
5100.0                   2.6515E-12               2.6376E-12               5.2891E-12
5200.0                   3.0103E-12               2.9943E-12               6.0046E-12
5300.0                   3.4919E-12               3.4732E-12               6.9652E-12
5400.0                   4.1722E-12               4.1496E-12               8.3219E-12
5500.0                   5.2052E-12               5.1767E-12               1.0382E-11
5600.0                   6.9599E-12               6.9214E-12               1.3881E-11
5700.0                   1.0596E-11               1.0537E-11               2.1133E-11
5800.0                   2.2626E-11               2.2498E-11               4.5124E-11
5900.0                   1.4597E-10               1.4513E-10               2.9110E-10
6000.0                   1.7016E-11               1.6917E-11               3.3933E-11
6100.0                   8.9641E-12               8.9115E-12               1.7876E-11
6200.0                   6.0528E-12               6.0168E-12               1.2070E-11
6300.0                   4.5508E-12               4.5234E-12               9.0742E-12
6400.0                   3.6345E-12               3.6124E-12               7.2469E-12
6500.0                   3.0174E-12               2.9989E-12               6.0163E-12
6600.0                   2.5737E-12               2.5577E-12               5.1314E-12
6700.0                   2.2394E-12               2.2253E-12               4.4646E-12
6800.0                   1.9785E-12               1.9659E-12               3.9444E-12
6900.0                   1.7694E-12               1.7579E-12               3.5273E-12
7000.0                   1.5980E-12               1.5875E-12               3.1855E-12
7100.0                   1.4550E-12               1.4454E-12               2.9004E-12
7200.0                   1.3340E-12               1.3251E-12               2.6591E-12
7300.0                   1.2303E-12               1.2219E-12               2.4522E-12
7400.0                   1.1403E-12               1.1325E-12               2.2728E-12
7500.0                   1.0617E-12               1.0543E-12               2.1160E-12
7600.0                   9.9235E-13               9.8535E-13               1.9777E-12
7700.0                   9.3075E-13               9.2411E-13               1.8549E-12
7800.0                   8.7568E-13               8.6936E-13               1.7450E-12
7900.0                   8.2617E-13               8.2013E-13               1.6463E-12
8000.0                   7.8144E-13               7.7565E-13               1.5571E-12
8100.0                   7.4082E-13               7.3527E-13               1.4761E-12
8200.0                   7.0378E-13               6.9844E-13               1.4022E-12
8300.0                   6.6989E-13               6.6474E-13               1.3346E-12
8400.0                   6.3875E-13               6.3378E-13               1.2725E-12
8500.0                   6.1006E-13               6.0525E-13               1.2153E-12
8600.0                   5.8354E-13               5.7889E-13               1.1624E-12
8700.0                   5.5895E-13               5.5444E-13               1.1134E-12
8800.0                   5.3611E-13               5.3173E-13               1.0678E-12
8900.0                   5.1483E-13               5.1057E-13               1.0254E-12
9000.0                   4.9496E-13               4.9082E-13               9.8578E-13
9100.0                   4.7637E-13               4.7234E-13               9.4871E-13
9200.0                   4.5895E-13               4.5501E-13               9.1396E-13
9300.0                   4.4259E-13               4.3874E-13               8.8133E-13
9400.0                   4.2719E-13               4.2344E-13               8.5063E-13
9500.0                   4.1268E-13               4.0901E-13               8.2169E-13
9600.0                   3.9899E-13               3.9540E-13               7.9439E-13
9700.0                   3.8605E-13               3.8253E-13               7.6858E-13
9800.0                   3.7380E-13               3.7035E-13               7.4415E-13
9900.0                   3.6219E-13               3.5881E-13               7.2100E-13
10000                    3.5117E-13               3.4785E-13               6.9903E-13
