100.00                   3.4192E-13               2.4834E-13               5.9026E-13
200.00                   3.4202E-13               2.4842E-13               5.9044E-13
300.00                   3.4220E-13               2.4854E-13               5.9074E-13
400.00                   3.4245E-13               2.4872E-13               5.9117E-13
500.00                   3.4276E-13               2.4895E-13               5.9171E-13
600.00                   3.4315E-13               2.4923E-13               5.9238E-13
700.00                   3.4361E-13               2.4956E-13               5.9317E-13
800.00                   3.4414E-13               2.4995E-13               5.9409E-13
900.00                   3.4474E-13               2.5039E-13               5.9513E-13
1000.0                   3.4542E-13               2.5088E-13               5.9630E-13
1100.0                   3.4617E-13               2.5142E-13               5.9760E-13
1200.0                   3.4700E-13               2.5202E-13               5.9903E-13
1300.0                   3.4791E-13               2.5268E-13               6.0059E-13
1400.0                   3.4889E-13               2.5339E-13               6.0228E-13
1500.0                   3.4995E-13               2.5416E-13               6.0411E-13
1600.0                   3.5109E-13               2.5499E-13               6.0608E-13
1700.0                   3.5231E-13               2.5587E-13               6.0818E-13
1800.0                   3.5362E-13               2.5682E-13               6.1044E-13
1900.0                   3.5501E-13               2.5783E-13               6.1284E-13
2000.0                   3.5649E-13               2.5890E-13               6.1539E-13
2100.0                   3.5805E-13               2.6004E-13               6.1809E-13
2200.0                   3.5971E-13               2.6124E-13               6.2095E-13
2300.0                   3.6146E-13               2.6251E-13               6.2398E-13
2400.0                   3.6331E-13               2.6385E-13               6.2716E-13
2500.0                   3.6526E-13               2.6526E-13               6.3052E-13
2600.0                   3.6731E-13               2.6675E-13               6.3406E-13
2700.0                   3.6946E-13               2.6831E-13               6.3778E-13
2800.0                   3.7173E-13               2.6995E-13               6.4168E-13
2900.0                   3.7410E-13               2.7167E-13               6.4577E-13
3000.0                   3.7659E-13               2.7348E-13               6.5007E-13
3100.0                   3.7920E-13               2.7537E-13               6.5457E-13
3200.0                   3.8193E-13               2.7735E-13               6.5928E-13
3300.0                   3.8479E-13               2.7943E-13               6.6422E-13
3400.0                   3.8779E-13               2.8160E-13               6.6938E-13
3500.0                   3.9092E-13               2.8387E-13               6.7479E-13
3600.0                   3.9420E-13               2.8624E-13               6.8044E-13
3700.0                   3.9762E-13               2.8873E-13               6.8635E-13
3800.0                   4.0121E-13               2.9133E-13               6.9253E-13
3900.0                   4.0495E-13               2.9404E-13               6.9899E-13
4000.0                   4.0887E-13               2.9688E-13               7.0575E-13
4100.0                   4.1296E-13               2.9985E-13               7.1282E-13
4200.0                   4.1725E-13               3.0296E-13               7.2021E-13
4300.0                   4.2173E-13               3.0621E-13               7.2793E-13
4400.0                   4.2641E-13               3.0960E-13               7.3602E-13
4500.0                   4.3131E-13               3.1316E-13               7.4447E-13
4600.0                   4.3644E-13               3.1688E-13               7.5332E-13
4700.0                   4.4181E-13               3.2077E-13               7.6258E-13
4800.0                   4.4744E-13               3.2485E-13               7.7229E-13
4900.0                   4.5333E-13               3.2912E-13               7.8245E-13
5000.0                   4.5951E-13               3.3360E-13               7.9310E-13
5100.0                   4.6598E-13               3.3829E-13               8.0428E-13
5200.0                   4.7278E-13               3.4322E-13               8.1600E-13
5300.0                   4.7991E-13               3.4839E-13               8.2830E-13
5400.0                   4.8741E-13               3.5383E-13               8.4123E-13
5500.0                   4.9528E-13               3.5954E-13               8.5483E-13
5600.0                   5.0358E-13               3.6555E-13               8.6913E-13
5700.0                   5.1230E-13               3.7188E-13               8.8418E-13
5800.0                   5.2150E-13               3.7855E-13               9.0006E-13
5900.0                   5.3121E-13               3.8559E-13               9.1680E-13
6000.0                   5.4146E-13               3.9302E-13               9.3448E-13
6100.0                   5.5229E-13               4.0088E-13               9.5317E-13
6200.0                   5.6376E-13               4.0919E-13               9.7295E-13
6300.0                   5.7591E-13               4.1800E-13               9.9391E-13
6400.0                   5.8881E-13               4.2735E-13               1.0162E-12
6500.0                   6.0251E-13               4.3729E-13               1.0398E-12
6600.0                   6.1709E-13               4.4786E-13               1.0650E-12
6700.0                   6.3264E-13               4.5913E-13               1.0918E-12
6800.0                   6.4924E-13               4.7117E-13               1.1204E-12
6900.0                   6.6701E-13               4.8405E-13               1.1511E-12
7000.0                   6.8605E-13               4.9786E-13               1.1839E-12
7100.0                   7.0651E-13               5.1269E-13               1.2192E-12
7200.0                   7.2855E-13               5.2867E-13               1.2572E-12
7300.0                   7.5235E-13               5.4592E-13               1.2983E-12
7400.0                   7.7811E-13               5.6461E-13               1.3427E-12
7500.0                   8.0609E-13               5.8489E-13               1.3910E-12
7600.0                   8.3657E-13               6.0700E-13               1.4436E-12
7700.0                   8.6991E-13               6.3117E-13               1.5011E-12
7800.0                   9.0650E-13               6.5770E-13               1.5642E-12
7900.0                   9.4684E-13               6.8695E-13               1.6338E-12
8000.0                   9.9153E-13               7.1935E-13               1.7109E-12
8100.0                   1.0413E-12               7.5543E-13               1.7967E-12
8200.0                   1.0970E-12               7.9585E-13               1.8929E-12
8300.0                   1.1599E-12               8.4142E-13               2.0013E-12
8400.0                   1.2313E-12               8.9319E-13               2.1245E-12
8500.0                   1.3131E-12               9.5249E-13               2.2656E-12
8600.0                   1.4077E-12               1.0211E-12               2.4288E-12
8700.0                   1.5184E-12               1.1014E-12               2.6197E-12
8800.0                   1.6496E-12               1.1965E-12               2.8461E-12
8900.0                   1.8076E-12               1.3110E-12               3.1186E-12
9000.0                   2.0014E-12               1.4516E-12               3.4530E-12
9100.0                   2.2449E-12               1.6281E-12               3.8729E-12
9200.0                   2.5596E-12               1.8563E-12               4.4159E-12
9300.0                   2.9823E-12               2.1628E-12               5.1451E-12
9400.0                   3.5799E-12               2.5960E-12               6.1759E-12
9500.0                   4.4889E-12               3.2552E-12               7.7441E-12
9600.0                   6.0386E-12               4.3787E-12               1.0417E-11
9700.0                   9.2734E-12               6.7241E-12               1.5998E-11
9800.0                   2.0213E-11               1.4656E-11               3.4870E-11
9900.0                   1.0538E-10               7.6405E-11               1.8178E-10
10000                    1.4483E-11               1.0500E-11               2.4983E-11
