100.00                   3.9784E-14               3.7494E-14               7.7279E-14
300.00                   3.9792E-14               3.7502E-14               7.7294E-14
500.00                   3.9809E-14               3.7517E-14               7.7326E-14
700.00                   3.9833E-14               3.7540E-14               7.7373E-14
900.00                   3.9865E-14               3.7570E-14               7.7435E-14
1100.0                   3.9906E-14               3.7608E-14               7.7514E-14
1300.0                   3.9954E-14               3.7654E-14               7.7608E-14
1500.0                   4.0011E-14               3.7708E-14               7.7719E-14
1700.0                   4.0076E-14               3.7769E-14               7.7845E-14
1900.0                   4.0150E-14               3.7838E-14               7.7988E-14
2100.0                   4.0232E-14               3.7915E-14               7.8147E-14
2300.0                   4.0323E-14               3.8001E-14               7.8324E-14
2500.0                   4.0422E-14               3.8094E-14               7.8517E-14
2700.0                   4.0531E-14               3.8196E-14               7.8727E-14
2900.0                   4.0648E-14               3.8306E-14               7.8954E-14
3100.0                   4.0774E-14               3.8425E-14               7.9200E-14
3300.0                   4.0910E-14               3.8553E-14               7.9463E-14
3500.0                   4.1055E-14               3.8690E-14               7.9745E-14
3700.0                   4.1210E-14               3.8835E-14               8.0045E-14
3900.0                   4.1375E-14               3.8990E-14               8.0365E-14
4100.0                   4.1550E-14               3.9155E-14               8.0704E-14
4300.0                   4.1735E-14               3.9329E-14               8.1063E-14
4500.0                   4.1930E-14               3.9513E-14               8.1443E-14
4700.0                   4.2137E-14               3.9707E-14               8.1844E-14
4900.0                   4.2355E-14               3.9912E-14               8.2267E-14
5100.0                   4.2584E-14               4.0128E-14               8.2712E-14
5300.0                   4.2825E-14               4.0354E-14               8.3180E-14
5500.0                   4.3079E-14               4.0593E-14               8.3671E-14
5700.0                   4.3344E-14               4.0843E-14               8.4187E-14
5900.0                   4.3623E-14               4.1105E-14               8.4728E-14
6100.0                   4.3915E-14               4.1380E-14               8.5295E-14
6300.0                   4.4222E-14               4.1668E-14               8.5889E-14
6500.0                   4.4542E-14               4.1969E-14               8.6511E-14
6700.0                   4.4877E-14               4.2284E-14               8.7162E-14
6900.0                   4.5228E-14               4.2614E-14               8.7843E-14
7100.0                   4.5595E-14               4.2960E-14               8.8555E-14
7300.0                   4.5979E-14               4.3321E-14               8.9300E-14
7500.0                   4.6380E-14               4.3698E-14               9.0078E-14
7700.0                   4.6800E-14               4.4092E-14               9.0892E-14
7900.0                   4.7238E-14               4.4505E-14               9.1743E-14
8100.0                   4.7696E-14               4.4936E-14               9.2632E-14
8300.0                   4.8175E-14               4.5386E-14               9.3562E-14
8500.0                   4.8676E-14               4.5857E-14               9.4533E-14
8700.0                   4.9200E-14               4.6350E-14               9.5549E-14
8900.0                   4.9747E-14               4.6865E-14               9.6612E-14
9100.0                   5.0320E-14               4.7403E-14               9.7723E-14
9300.0                   5.0919E-14               4.7967E-14               9.8886E-14
9500.0                   5.1547E-14               4.8557E-14               1.0010E-13
9700.0                   5.2203E-14               4.9175E-14               1.0138E-13
9900.0                   5.2891E-14               4.9821E-14               1.0271E-13
10100                    5.3612E-14               5.0499E-14               1.0411E-13
10300                    5.4368E-14               5.1210E-14               1.0558E-13
10500                    5.5161E-14               5.1956E-14               1.0712E-13
10700                    5.5993E-14               5.2739E-14               1.0873E-13
10900                    5.6868E-14               5.3561E-14               1.1043E-13
11100                    5.7787E-14               5.4425E-14               1.1221E-13
11300                    5.8753E-14               5.5335E-14               1.1409E-13
11500                    5.9771E-14               5.6292E-14               1.1606E-13
11700                    6.0844E-14               5.7300E-14               1.1814E-13
11900                    6.1975E-14               5.8364E-14               1.2034E-13
12100                    6.3169E-14               5.9487E-14               1.2266E-13
12300                    6.4431E-14               6.0675E-14               1.2511E-13
12500                    6.5767E-14               6.1931E-14               1.2770E-13
12700                    6.7183E-14               6.3262E-14               1.3044E-13
12900                    6.8684E-14               6.4674E-14               1.3336E-13
13100                    7.0279E-14               6.6174E-14               1.3645E-13
13300                    7.1977E-14               6.7771E-14               1.3975E-13
13500                    7.3786E-14               6.9472E-14               1.4326E-13
13700                    7.5718E-14               7.1289E-14               1.4701E-13
13900                    7.7784E-14               7.3232E-14               1.5102E-13
14100                    7.9999E-14               7.5315E-14               1.5531E-13
14300                    8.2378E-14               7.7552E-14               1.5993E-13
14500                    8.4939E-14               7.9961E-14               1.6490E-13
14700                    8.7704E-14               8.2561E-14               1.7026E-13
14900                    9.0697E-14               8.5376E-14               1.7607E-13
15100                    9.3946E-14               8.8431E-14               1.8238E-13
15300                    9.7485E-14               9.1759E-14               1.8924E-13
15500                    1.0135E-13               9.5397E-14               1.9675E-13
15700                    1.0560E-13               9.9388E-14               2.0499E-13
15900                    1.1027E-13               1.0379E-13               2.1406E-13
16100                    1.1545E-13               1.0866E-13               2.2411E-13
16300                    1.2122E-13               1.1408E-13               2.3529E-13
16500                    1.2767E-13               1.2014E-13               2.4781E-13
16700                    1.3494E-13               1.2698E-13               2.6192E-13
16900                    1.4319E-13               1.3474E-13               2.7793E-13
17100                    1.5263E-13               1.4362E-13               2.9626E-13
17300                    1.6355E-13               1.5389E-13               3.1743E-13
17500                    1.7630E-13               1.6588E-13               3.4218E-13
17700                    1.9140E-13               1.8008E-13               3.7148E-13
17900                    2.0955E-13               1.9714E-13               4.0669E-13
18100                    2.3177E-13               2.1804E-13               4.4981E-13
18300                    2.5960E-13               2.4422E-13               5.0382E-13
18500                    2.9548E-13               2.7796E-13               5.7344E-13
18700                    3.4347E-13               3.2308E-13               6.6655E-13
18900                    4.1092E-13               3.8651E-13               7.9743E-13
19100                    5.1266E-13               4.8219E-13               9.9486E-13
19300                    6.8374E-13               6.4308E-13               1.3268E-12
19500                    1.0316E-12               9.7017E-13               2.0017E-12
19700                    2.1224E-12               1.9959E-12               4.1183E-12
19900                    3.1120E-11               2.9265E-11               6.0385E-11
20100                    1.8501E-12               1.7397E-12               3.5898E-12
20300                    9.4877E-13               8.9213E-13               1.8409E-12
20500                    6.3591E-13               5.9792E-13               1.2338E-12
20700                    4.7706E-13               4.4853E-13               9.2559E-13
20900                    3.8097E-13               3.5817E-13               7.3914E-13
21100                    3.1659E-13               2.9762E-13               6.1421E-13
21300                    2.7045E-13               2.5423E-13               5.2468E-13
21500                    2.3576E-13               2.2162E-13               4.5738E-13
21700                    2.0874E-13               1.9621E-13               4.0495E-13
21900                    1.8710E-13               1.7585E-13               3.6296E-13
22100                    1.6938E-13               1.5919E-13               3.2857E-13
22300                    1.5460E-13               1.4529E-13               2.9989E-13
22500                    1.4209E-13               1.3353E-13               2.7562E-13
22700                    1.3137E-13               1.2344E-13               2.5482E-13
22900                    1.2208E-13               1.1470E-13               2.3678E-13
23100                    1.1394E-13               1.0706E-13               2.2100E-13
23300                    1.0677E-13               1.0031E-13               2.0708E-13
23500                    1.0039E-13               9.4312E-14               1.9471E-13
23700                    9.4692E-14               8.8949E-14               1.8364E-13
23900                    8.9562E-14               8.4123E-14               1.7369E-13
24100                    8.4922E-14               7.9759E-14               1.6468E-13
24300                    8.0706E-14               7.5794E-14               1.5650E-13
24500                    7.6859E-14               7.2175E-14               1.4903E-13
24700                    7.3335E-14               6.8860E-14               1.4219E-13
24900                    7.0094E-14               6.5812E-14               1.3591E-13
