100.00                   2.9444E-13               2.0745E-13               5.0190E-13
200.00                   2.9453E-13               2.0751E-13               5.0204E-13
300.00                   2.9466E-13               2.0761E-13               5.0227E-13
400.00                   2.9485E-13               2.0774E-13               5.0259E-13
500.00                   2.9510E-13               2.0791E-13               5.0301E-13
600.00                   2.9540E-13               2.0812E-13               5.0352E-13
700.00                   2.9575E-13               2.0837E-13               5.0412E-13
800.00                   2.9616E-13               2.0866E-13               5.0482E-13
900.00                   2.9663E-13               2.0899E-13               5.0562E-13
1000.0                   2.9715E-13               2.0936E-13               5.0651E-13
1100.0                   2.9774E-13               2.0977E-13               5.0750E-13
1200.0                   2.9837E-13               2.1022E-13               5.0859E-13
1300.0                   2.9907E-13               2.1071E-13               5.0978E-13
1400.0                   2.9983E-13               2.1124E-13               5.1107E-13
1500.0                   3.0065E-13               2.1182E-13               5.1246E-13
1600.0                   3.0153E-13               2.1243E-13               5.1396E-13
1700.0                   3.0247E-13               2.1310E-13               5.1557E-13
1800.0                   3.0347E-13               2.1380E-13               5.1728E-13
1900.0                   3.0454E-13               2.1456E-13               5.1910E-13
2000.0                   3.0568E-13               2.1535E-13               5.2103E-13
2100.0                   3.0688E-13               2.1620E-13               5.2308E-13
2200.0                   3.0816E-13               2.1710E-13               5.2525E-13
2300.0                   3.0950E-13               2.1804E-13               5.2754E-13
2400.0                   3.1091E-13               2.1904E-13               5.2995E-13
2500.0                   3.1240E-13               2.2008E-13               5.3248E-13
2600.0                   3.1397E-13               2.2118E-13               5.3515E-13
2700.0                   3.1561E-13               2.2234E-13               5.3795E-13
2800.0                   3.1733E-13               2.2355E-13               5.4088E-13
2900.0                   3.1914E-13               2.2482E-13               5.4396E-13
3000.0                   3.2103E-13               2.2615E-13               5.4718E-13
3100.0                   3.2301E-13               2.2754E-13               5.5055E-13
3200.0                   3.2508E-13               2.2900E-13               5.5408E-13
3300.0                   3.2724E-13               2.3052E-13               5.5776E-13
3400.0                   3.2950E-13               2.3211E-13               5.6161E-13
3500.0                   3.3186E-13               2.3377E-13               5.6563E-13
3600.0                   3.3433E-13               2.3550E-13               5.6983E-13
3700.0                   3.3690E-13               2.3731E-13               5.7421E-13
3800.0                   3.3958E-13               2.3920E-13               5.7878E-13
3900.0                   3.4239E-13               2.4117E-13               5.8355E-13
4000.0                   3.4531E-13               2.4322E-13               5.8853E-13
4100.0                   3.4836E-13               2.4537E-13               5.9372E-13
4200.0                   3.5154E-13               2.4760E-13               5.9914E-13
4300.0                   3.5485E-13               2.4993E-13               6.0479E-13
4400.0                   3.5831E-13               2.5237E-13               6.1068E-13
4500.0                   3.6192E-13               2.5491E-13               6.1683E-13
4600.0                   3.6569E-13               2.5756E-13               6.2325E-13
4700.0                   3.6962E-13               2.6032E-13               6.2995E-13
4800.0                   3.7373E-13               2.6321E-13               6.3694E-13
4900.0                   3.7802E-13               2.6622E-13               6.4424E-13
5000.0                   3.8249E-13               2.6937E-13               6.5187E-13
5100.0                   3.8717E-13               2.7266E-13               6.5984E-13
5200.0                   3.9206E-13               2.7610E-13               6.6817E-13
5300.0                   3.9718E-13               2.7970E-13               6.7688E-13
5400.0                   4.0253E-13               2.8346E-13               6.8599E-13
5500.0                   4.0813E-13               2.8740E-13               6.9553E-13
5600.0                   4.1400E-13               2.9153E-13               7.0553E-13
5700.0                   4.2015E-13               2.9585E-13               7.1600E-13
5800.0                   4.2659E-13               3.0039E-13               7.2698E-13
5900.0                   4.3336E-13               3.0514E-13               7.3850E-13
6000.0                   4.4046E-13               3.1014E-13               7.5060E-13
6100.0                   4.4793E-13               3.1539E-13               7.6332E-13
6200.0                   4.5579E-13               3.2091E-13               7.7670E-13
6300.0                   4.6406E-13               3.2673E-13               7.9079E-13
6400.0                   4.7277E-13               3.3286E-13               8.0563E-13
6500.0                   4.8197E-13               3.3932E-13               8.2129E-13
6600.0                   4.9168E-13               3.4615E-13               8.3783E-13
6700.0                   5.0194E-13               3.5337E-13               8.5531E-13
6800.0                   5.1281E-13               3.6102E-13               8.7383E-13
6900.0                   5.2433E-13               3.6912E-13               8.9345E-13
7000.0                   5.3656E-13               3.7772E-13               9.1428E-13
7100.0                   5.4957E-13               3.8686E-13               9.3643E-13
7200.0                   5.6341E-13               3.9660E-13               9.6002E-13
7300.0                   5.7819E-13               4.0699E-13               9.8518E-13
7400.0                   5.9398E-13               4.1809E-13               1.0121E-12
7500.0                   6.1089E-13               4.2998E-13               1.0409E-12
7600.0                   6.2903E-13               4.4275E-13               1.0718E-12
7700.0                   6.4855E-13               4.5647E-13               1.1050E-12
7800.0                   6.6960E-13               4.7128E-13               1.1409E-12
7900.0                   6.9237E-13               4.8728E-13               1.1797E-12
8000.0                   7.1705E-13               5.0464E-13               1.2217E-12
8100.0                   7.4391E-13               5.2353E-13               1.2674E-12
8200.0                   7.7323E-13               5.4415E-13               1.3174E-12
8300.0                   8.0536E-13               5.6675E-13               1.3721E-12
8400.0                   8.4072E-13               5.9161E-13               1.4323E-12
8500.0                   8.7981E-13               6.1910E-13               1.4989E-12
8600.0                   9.2325E-13               6.4965E-13               1.5729E-12
8700.0                   9.7179E-13               6.8378E-13               1.6556E-12
8800.0                   1.0264E-12               7.2216E-13               1.7485E-12
8900.0                   1.0882E-12               7.6563E-13               1.8538E-12
9000.0                   1.1588E-12               8.1526E-13               1.9740E-12
9100.0                   1.2401E-12               8.7245E-13               2.1125E-12
9200.0                   1.3348E-12               9.3906E-13               2.2739E-12
9300.0                   1.4465E-12               1.0176E-12               2.4641E-12
9400.0                   1.5801E-12               1.1116E-12               2.6917E-12
9500.0                   1.7429E-12               1.2260E-12               2.9689E-12
9600.0                   1.9453E-12               1.3684E-12               3.3137E-12
9700.0                   2.2041E-12               1.5503E-12               3.7544E-12
9800.0                   2.5462E-12               1.7910E-12               4.3372E-12
9900.0                   3.0198E-12               2.1240E-12               5.1438E-12
10000                    3.7185E-12               2.6153E-12               6.3338E-12
