1000                     4.702971284136528E-14    4.665412059870572E-14    9.368383341078608E-14
1200                     4.708845081768234E-14    4.671230215009157E-14    9.380075293844388E-14
1400                     4.7158057869414207E-14   4.6781249814221855E-14   9.393930765425255E-14
1600                     4.7238629852537186E-14   4.686105853760093E-14    9.40996883606927E-14
1800                     4.733027825064724E-14    4.695183874795472E-14    9.428211696908611E-14
2000                     4.743313056553851E-14    4.705371673931432E-14    9.448684727525797E-14
2200                     4.754733076725498E-14    4.716683511636153E-14    9.47141658539339E-14
2400                     4.767303980117759E-14    4.7291353300582084E-14   9.496439307198046E-14
2600                     4.7810436168705816E-14   4.74274481010561E-14     9.52378842398771E-14
2800                     4.795971657038791E-14    4.7575314354878155E-14   9.553503089526653E-14
3000                     4.8121096628674866E-14   4.7735165640723764E-14   9.585626223927505E-14
3200                     4.829481168531589E-14    4.7907235070850874E-14   9.620204672590966E-14
3400                     4.8481117688395954E-14   4.809177616732586E-14    9.657289382532148E-14
3600                     4.8680292165394E-14      4.8289063828364863E-14   9.69693559632054E-14
3800                     4.889263529931121E-14    4.849939539250441E-14    9.739203066109889E-14
4000                     4.911847110928597E-14    4.872309180793486E-14    9.784156288633044E-14
4200                     4.9358148745393555E-14   4.8960498916349283E-14   9.831864763066813E-14
4400                     4.961204391044177E-14    4.9211988860778193E-14   9.882403273994998E-14
4600                     4.988056041961653E-14    4.947796162965062E-14    9.935852201779062E-14
4800                     5.016413190794791E-14    4.9758846748557857E-14   9.99229786248111E-14
5000                     5.046322370076715E-14    5.005510513390097E-14    1.0051832880274331E-13
5200                     5.077833486687519E-14    5.036723112493863E-14    1.0114556595964654E-13
5400                     5.111000046593359E-14    5.0695754711464994E-14   1.0180575514497605E-13
5600                     5.1458794016498955E-14   5.104124397708688E-14    1.0250003796089484E-13
5800                     5.182533020144988E-14    5.140430778006069E-14    1.0322963794853742E-13
6000                     5.2210267841553054E-14   5.178559869843203E-14    1.0399586650671555E-13
6200                     5.261431316378467E-14    5.2185816266392464E-14   1.0480012939659649E-13
6400                     5.3038223394113335E-14   5.2605710535069716E-14   1.0564393389527593E-13
6600                     5.348281071824758E-14    5.304608599378912E-14    1.0652889667778713E-13
6800                     5.394894664631109E-14    5.3507805894221926E-14   1.0745675250592435E-13
7000                     5.443756683150558E-14    5.399179702298853E-14    1.0842936381950895E-13
7200                     5.494967639599575E-14    5.449905497802951E-14    1.0944873133864546E-13
7400                     5.54863558272653E-14     5.503065000850186E-14    1.105170057999737E-13
7600                     5.6048767515829027E-14   5.558773348948208E-14    1.116365009690841E-13
7800                     5.663816300983128E-14    5.6171545110293276E-14   1.128097080834431E-13
8000                     5.725589109013488E-14    5.6783420869886224E-14   1.1403931192286327E-13
8200                     5.790340675968159E-14    5.742480198444031E-14    1.1532820870646464E-13
8400                     5.858228128344989E-14    5.80972448294744E-14     1.1667952607474333E-13
8600                     5.929421341228559E-14    5.880243205825142E-14    1.1809664543180672E-13
8800                     6.004104196092326E-14    5.954218506089424E-14    1.1958322698251085E-13
9000                     6.082475993161408E-14    6.031847795449892E-14    1.2114323784620142E-13
9200                     6.16475304102763E-14     6.113345332767769E-14    1.2278098369740725E-13
9400                     6.251170449511662E-14    6.198943999913588E-14    1.2450114445303847E-13
9600                     6.341984156779996E-14    6.288897309888371E-14    1.263088146247683E-13
9800                     6.437473227420143E-14    6.383481682772977E-14    1.2820954905927818E-13
10000                    6.53794246378517E-14     6.482999032711043E-14    1.3020941492153284E-13
10200                    6.643725382435216E-14    6.587779715856319E-14    1.3231505093866865E-13
10400                    6.755187615681643E-14    6.698185899740283E-14    1.3453373510911105E-13
10600                    6.872730810847082E-14    6.814615425808258E-14    1.368734623205365E-13
10800                    6.996797114991617E-14    6.937506251257776E-14    1.3934303361551771E-13
11000                    7.127874348618354E-14    7.067341574126119E-14    1.419521591794548E-13
11200                    7.266501996735167E-14    7.204655767221742E-14    1.4471157759050685E-13
11400                    7.413278170360729E-14    7.350041273856898E-14    1.4763319439197846E-13
11600                    7.568867727536792E-14    7.504156651995791E-14    1.5073024374392402E-13
11800                    7.734011785828183E-14    7.667735996436162E-14    1.5401747776996344E-13
12000                    7.909538911819338E-14    7.841600022166286E-14    1.5751138928581743E-13
12200                    8.096378342397513E-14    8.026669160891372E-14    1.6123047497740337E-13
12400                    8.295575683913236E-14    8.223979110644767E-14    1.6519554788855194E-13
12600                    8.508311644587612E-14    8.434699391440469E-14    1.6943011030160488E-13
12800                    8.73592451023185E-14     8.660155607585928E-14    1.7396080111773846E-13
13000                    8.979937263629251E-14    8.901856310043958E-14    1.78817935674402E-13
13200                    9.242090506687105E-14    9.161525607007173E-14    1.8403616107258098E-13
13400                    9.524382689310721E-14    9.44114301108541E-14     1.896552569374113E-13
13600                    9.829119606442491E-14    9.742992467762877E-14    1.9572112067314104E-13
13800                    1.0158975756783196E-13   1.0069723132204742E-13   2.0228698881840894E-13
14000                    1.0517071014312854E-13   1.0424425314677907E-13   2.0941496321565991E-13
14200                    1.0907067266817534E-13   1.0810726203100494E-13   2.171779346219074E-13
14400                    1.1333291361229351E-13   1.1232911643486308E-13   2.256620299665769E-13
14600                    1.1800893107972402E-13   1.169608264693023E-13    2.3496975746481825E-13
14800                    1.231605058932939E-13    1.22063587522824E-13     2.452240933279118E-13
15000                    1.2886240160001567E-13   1.2771145468923466E-13   2.565738561966184E-13
15200                    1.3520596242252621E-13   1.339949066165557E-13    2.6920086894152543E-13
15400                    1.4230397794167919E-13   1.4102566409553924E-13   2.833296419341508E-13
15600                    1.502973672648815E-13    1.48943310887851E-13     2.9924067804345777E-13
15800                    1.5936452933476493E-13   1.5792455543676234E-13   3.1728908465521064E-13
16000                    1.6973468839559833E-13   1.6819644986228395E-13   3.379311381335108E-13
16200                    1.817073786538191E-13    1.8005568999070467E-13   3.617630685108515E-13
16400                    1.956816363658957E-13    1.938975308171688E-13    3.895791670385354E-13
16600                    2.12201052103554E-13     2.1026041185374522E-13   4.224614637999345E-13
16800                    2.320257360261873E-13    2.298972404558138E-13    4.619229763092309E-13
17000                    2.562520239955719E-13    2.538939635924054E-13    5.101459873963797E-13
17200                    2.865214598812488E-13    2.838765698155864E-13    5.703980294817115E-13
17400                    3.2540773951840186E-13   3.2239436651260756E-13   6.478021057856603E-13
17600                    3.7718760304457714E-13   3.736835671421234E-13    7.50871169901101E-13
17800                    4.4952799346965666E-13   4.453384620328714E-13    8.948664551606923E-13
18000                    5.5767287926447E-13      5.524585657197552E-13    1.1101314445583149E-12
18200                    7.368605513112703E-13    7.299482439510477E-13    1.4668087946970957E-12
18400                    1.0909732788565289E-12   1.080705345254698E-12    2.1716786232706835E-12
18600                    2.1151688440688144E-12   2.0951952533071847E-12   4.2103640957391064E-12
18800                    1.4638042509038966E-11   1.4499351878802155E-11   2.913739437646213E-11
19000                    2.2548699921987208E-12   2.2334337154382536E-12   4.4883037058761944E-12
19200                    1.1092366906893578E-12   1.098655698263318E-12    2.2078923880825395E-12
19400                    7.320207035089431E-13    7.250140547949737E-13    1.4570347577270417E-12
19600                    5.446972623254118E-13    5.394656286439577E-13    1.084162890538123E-12
19800                    4.3277471180003256E-13   4.2860362339452355E-13   8.613783348503167E-13
20000                    3.58376030261104E-13     3.5490992327635564E-13   7.132859532510538E-13
20200                    3.053501077168284E-13    3.0238646013084836E-13   6.077365676024878E-13
20400                    2.6565041857590375E-13   2.6306295455490526E-13   5.287133729164758E-13
20600                    2.348186961982425E-13    2.325233850963167E-13    4.673420811041871E-13
20800                    2.1018557067788523E-13   2.081236760525324E-13    4.1830924655918733E-13
21000                    1.9005519107149977E-13   1.8818404592343655E-13   3.782392368393469E-13
21200                    1.7329853660814046E-13   1.7158617226315124E-13   3.4488470872872015E-13
21400                    1.591348693853809E-13    1.575567152612411E-13    3.166915845150522E-13
21600                    1.4700705871179218E-13   1.4554382347737427E-13   2.925508820670155E-13
21800                    1.3650688141729305E-13   1.3514314198058758E-13   2.716500232838831E-13
22000                    1.2732839110842608E-13   1.2605162347104414E-13   2.533800144725984E-13
22200                    1.1923777705136241E-13   1.1803767276445583E-13   2.3727544971522634E-13
22400                    1.1205328857200927E-13   1.1092126143049465E-13   2.229745499074873E-13
22600                    1.0563151029037344E-13   1.0456033307607278E-13   2.1019184327641195E-13
22800                    9.985776172474029E-14    9.884129392442018E-14    1.986990555636047E-13
23000                    9.463924431320553E-14    9.367222476876627E-14    1.8831146900046288E-13
23200                    8.990006032539329E-14    8.897794709122781E-14    1.7887800733878635E-13
23400                    8.557753314542034E-14    8.469637820750425E-14    1.7027391127844013E-13
23600                    8.161944879950883E-14    8.077579893766188E-14    1.6239524766575324E-13
23800                    7.798196044216713E-14    7.717277794866568E-14    1.5515473832223324E-13
24000                    7.462797706767735E-14    7.385057573601111E-14    1.4847855273768645E-13
24200                    7.152591075199375E-14    7.077790373587816E-14    1.423038144242718E-13
24400                    6.864869267479725E-14    6.792794967380863E-14    1.3657664228723316E-13
24600                    6.597299296828527E-14    6.527760480823764E-14    1.3125059771722119E-13
24800                    6.34785967773722E-14     6.280684590461283E-14    1.262854426246138E-13
25000                    6.114790121197863E-14    6.049823695900761E-14    1.2164613811541877E-13
