100.00                   6.4270E-13               6.4090E-13               1.2836E-12
1100.0                   6.6520E-13               6.6330E-13               1.3285E-12
2100.0                   7.3370E-13               7.3147E-13               1.4652E-12
3100.0                   8.8110E-13               8.7818E-13               1.7593E-12
4100.0                   1.2206E-12               1.2161E-12               2.4367E-12
5100.0                   2.4037E-12               2.3936E-12               4.7973E-12
6100.0                   1.3379E-11               1.3315E-11               2.6694E-11
7100.0                   1.5315E-12               1.5231E-12               3.0546E-12
8100.0                   7.5846E-13               7.5365E-13               1.5121E-12
9100.0                   4.8282E-13               4.7930E-13               9.6212E-13
