100.00                   2.9564E-13               2.0385E-13               4.9949E-13               0.0000                   0.0000                   0.0000
200.00                   2.9572E-13               2.0390E-13               4.9963E-13               0.0000                   0.0000                   0.0000
300.00                   2.9586E-13               2.0400E-13               4.9985E-13               0.0000                   0.0000                   0.0000
400.00                   2.9605E-13               2.0413E-13               5.0017E-13               0.0000                   0.0000                   0.0000
500.00                   2.9629E-13               2.0429E-13               5.0058E-13               0.0000                   0.0000                   0.0000
600.00                   2.9659E-13               2.0450E-13               5.0109E-13               0.0000                   0.0000                   0.0000
700.00                   2.9694E-13               2.0474E-13               5.0168E-13               0.0000                   0.0000                   0.0000
800.00                   2.9735E-13               2.0502E-13               5.0237E-13               0.0000                   0.0000                   0.0000
900.00                   2.9782E-13               2.0534E-13               5.0316E-13               0.0000                   0.0000                   0.0000
1000.0                   2.9834E-13               2.0570E-13               5.0404E-13               0.0000                   0.0000                   0.0000
1100.0                   2.9891E-13               2.0610E-13               5.0501E-13               0.0000                   0.0000                   0.0000
1200.0                   2.9955E-13               2.0653E-13               5.0608E-13               0.0000                   0.0000                   0.0000
1300.0                   3.0024E-13               2.0701E-13               5.0726E-13               0.0000                   0.0000                   0.0000
1400.0                   3.0100E-13               2.0753E-13               5.0853E-13               0.0000                   0.0000                   0.0000
1500.0                   3.0181E-13               2.0809E-13               5.0990E-13               0.0000                   0.0000                   0.0000
1600.0                   3.0268E-13               2.0869E-13               5.1137E-13               0.0000                   0.0000                   0.0000
1700.0                   3.0362E-13               2.0933E-13               5.1295E-13               0.0000                   0.0000                   0.0000
1800.0                   3.0461E-13               2.1002E-13               5.1464E-13               0.0000                   0.0000                   0.0000
1900.0                   3.0568E-13               2.1075E-13               5.1643E-13               0.0000                   0.0000                   0.0000
2000.0                   3.0681E-13               2.1153E-13               5.1833E-13               0.0000                   0.0000                   0.0000
2100.0                   3.0800E-13               2.1235E-13               5.2035E-13               0.0000                   0.0000                   0.0000
2200.0                   3.0926E-13               2.1322E-13               5.2248E-13               0.0000                   0.0000                   0.0000
2300.0                   3.1060E-13               2.1414E-13               5.2474E-13               0.0000                   0.0000                   0.0000
2400.0                   3.1200E-13               2.1511E-13               5.2711E-13               0.0000                   0.0000                   0.0000
2500.0                   3.1348E-13               2.1612E-13               5.2960E-13               0.0000                   0.0000                   0.0000
2600.0                   3.1503E-13               2.1719E-13               5.3222E-13               0.0000                   0.0000                   0.0000
2700.0                   3.1666E-13               2.1831E-13               5.3498E-13               0.0000                   0.0000                   0.0000
2800.0                   3.1837E-13               2.1949E-13               5.3786E-13               0.0000                   0.0000                   0.0000
2900.0                   3.2016E-13               2.2073E-13               5.4089E-13               0.0000                   0.0000                   0.0000
3000.0                   3.2204E-13               2.2202E-13               5.4406E-13               0.0000                   0.0000                   0.0000
3100.0                   3.2400E-13               2.2337E-13               5.4737E-13               0.0000                   0.0000                   0.0000
3200.0                   3.2606E-13               2.2478E-13               5.5084E-13               0.0000                   0.0000                   0.0000
3300.0                   3.2820E-13               2.2626E-13               5.5446E-13               0.0000                   0.0000                   0.0000
3400.0                   3.3044E-13               2.2780E-13               5.5824E-13               0.0000                   0.0000                   0.0000
3500.0                   3.3278E-13               2.2941E-13               5.6219E-13               0.0000                   0.0000                   0.0000
3600.0                   3.3522E-13               2.3109E-13               5.6632E-13               0.0000                   0.0000                   0.0000
3700.0                   3.3777E-13               2.3285E-13               5.7062E-13               0.0000                   0.0000                   0.0000
3800.0                   3.4043E-13               2.3468E-13               5.7511E-13               0.0000                   0.0000                   0.0000
3900.0                   3.4321E-13               2.3659E-13               5.7979E-13               0.0000                   0.0000                   0.0000
4000.0                   3.4610E-13               2.3858E-13               5.8468E-13               0.0000                   0.0000                   0.0000
4100.0                   3.4912E-13               2.4066E-13               5.8978E-13               0.0000                   0.0000                   0.0000
4200.0                   3.5227E-13               2.4282E-13               5.9509E-13               0.0000                   0.0000                   0.0000
4300.0                   3.5555E-13               2.4508E-13               6.0063E-13               0.0000                   0.0000                   0.0000
4400.0                   3.5897E-13               2.4744E-13               6.0641E-13               0.0000                   0.0000                   0.0000
4500.0                   3.6255E-13               2.4990E-13               6.1244E-13               0.0000                   0.0000                   0.0000
4600.0                   3.6627E-13               2.5246E-13               6.1874E-13               0.0000                   0.0000                   0.0000
4700.0                   3.7016E-13               2.5514E-13               6.2530E-13               0.0000                   0.0000                   0.0000
4800.0                   3.7422E-13               2.5793E-13               6.3215E-13               0.0000                   0.0000                   0.0000
4900.0                   3.7845E-13               2.6085E-13               6.3930E-13               0.0000                   0.0000                   0.0000
5000.0                   3.8288E-13               2.6389E-13               6.4677E-13               0.0000                   0.0000                   0.0000
5100.0                   3.8750E-13               2.6707E-13               6.5457E-13               0.0000                   0.0000                   0.0000
5200.0                   3.9233E-13               2.7040E-13               6.6272E-13               0.0000                   0.0000                   0.0000
5300.0                   3.9737E-13               2.7387E-13               6.7125E-13               0.0000                   0.0000                   0.0000
5400.0                   4.0265E-13               2.7751E-13               6.8016E-13               0.0000                   0.0000                   0.0000
5500.0                   4.0818E-13               2.8131E-13               6.8949E-13               0.0000                   0.0000                   0.0000
5600.0                   4.1396E-13               2.8529E-13               6.9925E-13               0.0000                   0.0000                   0.0000
5700.0                   4.2002E-13               2.8946E-13               7.0948E-13               0.0000                   0.0000                   0.0000
5800.0                   4.2637E-13               2.9383E-13               7.2020E-13               0.0000                   0.0000                   0.0000
5900.0                   4.3303E-13               2.9841E-13               7.3144E-13               0.0000                   0.0000                   0.0000
6000.0                   4.4002E-13               3.0323E-13               7.4325E-13               0.0000                   0.0000                   0.0000
6100.0                   4.4736E-13               3.0828E-13               7.5565E-13               0.0000                   0.0000                   0.0000
6200.0                   4.5509E-13               3.1360E-13               7.6868E-13               0.0000                   0.0000                   0.0000
6300.0                   4.6321E-13               3.1919E-13               7.8240E-13               0.0000                   0.0000                   0.0000
6400.0                   4.7177E-13               3.2508E-13               7.9685E-13               0.0000                   0.0000                   0.0000
6500.0                   4.8079E-13               3.3129E-13               8.1208E-13               0.0000                   0.0000                   0.0000
6600.0                   4.9031E-13               3.3784E-13               8.2815E-13               0.0000                   0.0000                   0.0000
6700.0                   5.0037E-13               3.4477E-13               8.4514E-13               0.0000                   0.0000                   0.0000
6800.0                   5.1101E-13               3.5209E-13               8.6311E-13               0.0000                   0.0000                   0.0000
6900.0                   5.2229E-13               3.5985E-13               8.8214E-13               0.0000                   0.0000                   0.0000
7000.0                   5.3424E-13               3.6808E-13               9.0233E-13               0.0000                   0.0000                   0.0000
7100.0                   5.4694E-13               3.7683E-13               9.2377E-13               0.0000                   0.0000                   0.0000
7200.0                   5.6046E-13               3.8613E-13               9.4659E-13               0.0000                   0.0000                   0.0000
7300.0                   5.7486E-13               3.9604E-13               9.7091E-13               0.0000                   0.0000                   0.0000
7400.0                   5.9024E-13               4.0663E-13               9.9687E-13               0.0000                   0.0000                   0.0000
7500.0                   6.0669E-13               4.1795E-13               1.0246E-12               0.0000                   0.0000                   0.0000
7600.0                   6.2432E-13               4.3009E-13               1.0544E-12               0.0000                   0.0000                   0.0000
7700.0                   6.4326E-13               4.4313E-13               1.0864E-12               0.0000                   0.0000                   0.0000
7800.0                   6.6366E-13               4.5717E-13               1.1208E-12               0.0000                   0.0000                   0.0000
7900.0                   6.8569E-13               4.7233E-13               1.1580E-12               0.0000                   0.0000                   0.0000
8000.0                   7.0953E-13               4.8874E-13               1.1983E-12               0.0000                   0.0000                   0.0000
8100.0                   7.3543E-13               5.0657E-13               1.2420E-12               0.0000                   0.0000                   0.0000
8200.0                   7.6365E-13               5.2600E-13               1.2896E-12               0.0000                   0.0000                   0.0000
8300.0                   7.9451E-13               5.4724E-13               1.3417E-12               0.0000                   0.0000                   0.0000
8400.0                   8.2839E-13               5.7056E-13               1.3990E-12               0.0000                   0.0000                   0.0000
8500.0                   8.6575E-13               5.9628E-13               1.4620E-12               0.0000                   0.0000                   0.0000
8600.0                   9.0715E-13               6.2477E-13               1.5319E-12               0.0000                   0.0000                   0.0000
8700.0                   9.5327E-13               6.5652E-13               1.6098E-12               0.0000                   0.0000                   0.0000
8800.0                   1.0049E-12               6.9209E-13               1.6970E-12               0.0000                   0.0000                   0.0000
8900.0                   1.0632E-12               7.3222E-13               1.7955E-12               0.0000                   0.0000                   0.0000
9000.0                   1.1295E-12               7.7783E-13               1.9073E-12               0.0000                   0.0000                   0.0000
9100.0                   1.2055E-12               8.3011E-13               2.0356E-12               0.0000                   0.0000                   0.0000
9200.0                   1.2934E-12               8.9065E-13               2.1841E-12               0.0000                   0.0000                   0.0000
9300.0                   1.3964E-12               9.6154E-13               2.3579E-12               0.0000                   0.0000                   0.0000
9400.0                   1.5186E-12               1.0457E-12               2.5643E-12               0.0000                   0.0000                   0.0000
9500.0                   1.6660E-12               1.1471E-12               2.8131E-12               0.0000                   0.0000                   0.0000
9600.0                   1.8471E-12               1.2718E-12               3.1190E-12               0.0000                   0.0000                   0.0000
9700.0                   2.0751E-12               1.4288E-12               3.5039E-12               0.0000                   0.0000                   0.0000
9800.0                   2.3708E-12               1.6323E-12               4.0031E-12               0.0000                   0.0000                   0.0000
9900.0                   2.7695E-12               1.9067E-12               4.6762E-12               0.0000                   0.0000                   0.0000
10000                    3.3361E-12               2.2968E-12               5.6329E-12               0.0000                   0.0000                   0.0000
