100.00                   3.4121E-13               2.5307E-13               5.9428E-13
200.00                   3.4131E-13               2.5315E-13               5.9446E-13
300.00                   3.4149E-13               2.5328E-13               5.9477E-13
400.00                   3.4173E-13               2.5346E-13               5.9519E-13
500.00                   3.4205E-13               2.5369E-13               5.9574E-13
600.00                   3.4243E-13               2.5398E-13               5.9641E-13
700.00                   3.4289E-13               2.5432E-13               5.9721E-13
800.00                   3.4342E-13               2.5471E-13               5.9813E-13
900.00                   3.4402E-13               2.5516E-13               5.9918E-13
1000.0                   3.4470E-13               2.5565E-13               6.0035E-13
1100.0                   3.4544E-13               2.5621E-13               6.0165E-13
1200.0                   3.4627E-13               2.5682E-13               6.0309E-13
1300.0                   3.4717E-13               2.5749E-13               6.0466E-13
1400.0                   3.4815E-13               2.5821E-13               6.0636E-13
1500.0                   3.4920E-13               2.5899E-13               6.0820E-13
1600.0                   3.5034E-13               2.5983E-13               6.1017E-13
1700.0                   3.5156E-13               2.6074E-13               6.1229E-13
1800.0                   3.5286E-13               2.6170E-13               6.1456E-13
1900.0                   3.5424E-13               2.6272E-13               6.1697E-13
2000.0                   3.5571E-13               2.6381E-13               6.1953E-13
2100.0                   3.5728E-13               2.6497E-13               6.2225E-13
2200.0                   3.5893E-13               2.6619E-13               6.2512E-13
2300.0                   3.6067E-13               2.6749E-13               6.2816E-13
2400.0                   3.6251E-13               2.6885E-13               6.3136E-13
2500.0                   3.6445E-13               2.7028E-13               6.3474E-13
2600.0                   3.6649E-13               2.7180E-13               6.3829E-13
2700.0                   3.6864E-13               2.7338E-13               6.4202E-13
2800.0                   3.7089E-13               2.7505E-13               6.4594E-13
2900.0                   3.7325E-13               2.7680E-13               6.5006E-13
3000.0                   3.7573E-13               2.7864E-13               6.5437E-13
3100.0                   3.7833E-13               2.8056E-13               6.5889E-13
3200.0                   3.8105E-13               2.8257E-13               6.6363E-13
3300.0                   3.8390E-13               2.8468E-13               6.6858E-13
3400.0                   3.8688E-13               2.8689E-13               6.7377E-13
3500.0                   3.9000E-13               2.8920E-13               6.7920E-13
3600.0                   3.9326E-13               2.9162E-13               6.8488E-13
3700.0                   3.9667E-13               2.9414E-13               6.9081E-13
3800.0                   4.0024E-13               2.9678E-13               6.9702E-13
3900.0                   4.0397E-13               2.9954E-13               7.0351E-13
4000.0                   4.0787E-13               3.0243E-13               7.1030E-13
4100.0                   4.1194E-13               3.0545E-13               7.1739E-13
4200.0                   4.1621E-13               3.0861E-13               7.2481E-13
4300.0                   4.2066E-13               3.1191E-13               7.3257E-13
4400.0                   4.2533E-13               3.1536E-13               7.4068E-13
4500.0                   4.3020E-13               3.1897E-13               7.4917E-13
4600.0                   4.3531E-13               3.2275E-13               7.5806E-13
4700.0                   4.4065E-13               3.2671E-13               7.6736E-13
4800.0                   4.4625E-13               3.3085E-13               7.7710E-13
4900.0                   4.5211E-13               3.3519E-13               7.8730E-13
5000.0                   4.5825E-13               3.3974E-13               7.9799E-13
5100.0                   4.6469E-13               3.4451E-13               8.0920E-13
5200.0                   4.7145E-13               3.4951E-13               8.2097E-13
5300.0                   4.7855E-13               3.5477E-13               8.3331E-13
5400.0                   4.8600E-13               3.6029E-13               8.4629E-13
5500.0                   4.9384E-13               3.6609E-13               8.5992E-13
5600.0                   5.0208E-13               3.7219E-13               8.7427E-13
5700.0                   5.1076E-13               3.7862E-13               8.8938E-13
5800.0                   5.1990E-13               3.8539E-13               9.0529E-13
5900.0                   5.2955E-13               3.9253E-13               9.2208E-13
6000.0                   5.3974E-13               4.0008E-13               9.3981E-13
6100.0                   5.5051E-13               4.0805E-13               9.5855E-13
6200.0                   5.6190E-13               4.1649E-13               9.7839E-13
6300.0                   5.7397E-13               4.2543E-13               9.9940E-13
6400.0                   5.8678E-13               4.3491E-13               1.0217E-12
6500.0                   6.0040E-13               4.4499E-13               1.0454E-12
6600.0                   6.1488E-13               4.5571E-13               1.0706E-12
6700.0                   6.3032E-13               4.6714E-13               1.0975E-12
6800.0                   6.4680E-13               4.7935E-13               1.1261E-12
6900.0                   6.6443E-13               4.9240E-13               1.1568E-12
7000.0                   6.8333E-13               5.0640E-13               1.1897E-12
7100.0                   7.0363E-13               5.2143E-13               1.2251E-12
7200.0                   7.2549E-13               5.3761E-13               1.2631E-12
7300.0                   7.4909E-13               5.5509E-13               1.3042E-12
7400.0                   7.7463E-13               5.7400E-13               1.3486E-12
7500.0                   8.0236E-13               5.9453E-13               1.3969E-12
7600.0                   8.3257E-13               6.1690E-13               1.4495E-12
7700.0                   8.6558E-13               6.4135E-13               1.5069E-12
7800.0                   9.0181E-13               6.6817E-13               1.5700E-12
7900.0                   9.4174E-13               6.9774E-13               1.6395E-12
8000.0                   9.8594E-13               7.3047E-13               1.7164E-12
8100.0                   1.0351E-12               7.6690E-13               1.8020E-12
8200.0                   1.0902E-12               8.0768E-13               1.8979E-12
8300.0                   1.1523E-12               8.5364E-13               2.0059E-12
8400.0                   1.2227E-12               9.0581E-13               2.1285E-12
8500.0                   1.3034E-12               9.6552E-13               2.2689E-12
8600.0                   1.3966E-12               1.0345E-12               2.4311E-12
8700.0                   1.5055E-12               1.1152E-12               2.6207E-12
8800.0                   1.6344E-12               1.2106E-12               2.8450E-12
8900.0                   1.7894E-12               1.3254E-12               3.1148E-12
9000.0                   1.9792E-12               1.4659E-12               3.4451E-12
9100.0                   2.2170E-12               1.6420E-12               3.8589E-12
9200.0                   2.5235E-12               1.8689E-12               4.3924E-12
9300.0                   2.9335E-12               2.1725E-12               5.1060E-12
9400.0                   3.5099E-12               2.5993E-12               6.1092E-12
9500.0                   4.3796E-12               3.2433E-12               7.6230E-12
9600.0                   5.8428E-12               4.3268E-12               1.0170E-11
9700.0                   8.8205E-12               6.5316E-12               1.5352E-11
9800.0                   1.8183E-11               1.3464E-11               3.1647E-11
9900.0                   2.5152E-10               1.8624E-10               4.3776E-10
10000                    1.5736E-11               1.1652E-11               2.7388E-11
