100.00                   4.6689E-14               4.6842E-14               9.3531E-14
300.00                   4.6699E-14               4.6853E-14               9.3552E-14
500.00                   4.6720E-14               4.6874E-14               9.3595E-14
700.00                   4.6752E-14               4.6906E-14               9.3658E-14
900.00                   4.6795E-14               4.6948E-14               9.3743E-14
1100.0                   4.6848E-14               4.7002E-14               9.3849E-14
1300.0                   4.6912E-14               4.7066E-14               9.3977E-14
1500.0                   4.6986E-14               4.7140E-14               9.4127E-14
1700.0                   4.7072E-14               4.7226E-14               9.4298E-14
1900.0                   4.7169E-14               4.7323E-14               9.4492E-14
2100.0                   4.7277E-14               4.7431E-14               9.4708E-14
2300.0                   4.7396E-14               4.7551E-14               9.4947E-14
2500.0                   4.7527E-14               4.7682E-14               9.5209E-14
2700.0                   4.7670E-14               4.7825E-14               9.5495E-14
2900.0                   4.7824E-14               4.7980E-14               9.5804E-14
3100.0                   4.7991E-14               4.8147E-14               9.6138E-14
3300.0                   4.8170E-14               4.8326E-14               9.6497E-14
3500.0                   4.8362E-14               4.8519E-14               9.6881E-14
3700.0                   4.8567E-14               4.8724E-14               9.7290E-14
3900.0                   4.8785E-14               4.8942E-14               9.7727E-14
4100.0                   4.9016E-14               4.9174E-14               9.8191E-14
4300.0                   4.9262E-14               4.9420E-14               9.8682E-14
4500.0                   4.9522E-14               4.9681E-14               9.9203E-14
4700.0                   4.9797E-14               4.9956E-14               9.9752E-14
4900.0                   5.0087E-14               5.0246E-14               1.0033E-13
5100.0                   5.0392E-14               5.0552E-14               1.0094E-13
5300.0                   5.0714E-14               5.0875E-14               1.0159E-13
5500.0                   5.1053E-14               5.1214E-14               1.0227E-13
5700.0                   5.1408E-14               5.1570E-14               1.0298E-13
5900.0                   5.1782E-14               5.1945E-14               1.0373E-13
6100.0                   5.2175E-14               5.2338E-14               1.0451E-13
6300.0                   5.2587E-14               5.2751E-14               1.0534E-13
6500.0                   5.3019E-14               5.3184E-14               1.0620E-13
6700.0                   5.3472E-14               5.3638E-14               1.0711E-13
6900.0                   5.3947E-14               5.4114E-14               1.0806E-13
7100.0                   5.4445E-14               5.4612E-14               1.0906E-13
7300.0                   5.4967E-14               5.5135E-14               1.1010E-13
7500.0                   5.5514E-14               5.5683E-14               1.1120E-13
7700.0                   5.6087E-14               5.6257E-14               1.1234E-13
7900.0                   5.6687E-14               5.6859E-14               1.1355E-13
8100.0                   5.7317E-14               5.7489E-14               1.1481E-13
8300.0                   5.7977E-14               5.8150E-14               1.1613E-13
8500.0                   5.8668E-14               5.8843E-14               1.1751E-13
8700.0                   5.9394E-14               5.9570E-14               1.1896E-13
8900.0                   6.0156E-14               6.0333E-14               1.2049E-13
9100.0                   6.0955E-14               6.1134E-14               1.2209E-13
9300.0                   6.1794E-14               6.1974E-14               1.2377E-13
9500.0                   6.2676E-14               6.2858E-14               1.2553E-13
9700.0                   6.3602E-14               6.3786E-14               1.2739E-13
9900.0                   6.4577E-14               6.4762E-14               1.2934E-13
10100                    6.5603E-14               6.5790E-14               1.3139E-13
10300                    6.6684E-14               6.6873E-14               1.3356E-13
10500                    6.7823E-14               6.8014E-14               1.3584E-13
10700                    6.9024E-14               6.9218E-14               1.3824E-13
10900                    7.0293E-14               7.0489E-14               1.4078E-13
11100                    7.1635E-14               7.1832E-14               1.4347E-13
11300                    7.3054E-14               7.3254E-14               1.4631E-13
11500                    7.4558E-14               7.4761E-14               1.4932E-13
11700                    7.6153E-14               7.6358E-14               1.5251E-13
11900                    7.7847E-14               7.8055E-14               1.5590E-13
12100                    7.9648E-14               7.9860E-14               1.5951E-13
12300                    8.1568E-14               8.1783E-14               1.6335E-13
12500                    8.3616E-14               8.3835E-14               1.6745E-13
12700                    8.5805E-14               8.6028E-14               1.7183E-13
12900                    8.8150E-14               8.8377E-14               1.7653E-13
13100                    9.0666E-14               9.0897E-14               1.8156E-13
13300                    9.3372E-14               9.3608E-14               1.8698E-13
13500                    9.6289E-14               9.6531E-14               1.9282E-13
13700                    9.9443E-14               9.9690E-14               1.9913E-13
13900                    1.0286E-13               1.0311E-13               2.0598E-13
14100                    1.0658E-13               1.0684E-13               2.1342E-13
14300                    1.1063E-13               1.1090E-13               2.2153E-13
14500                    1.1507E-13               1.1535E-13               2.3042E-13
14700                    1.1995E-13               1.2024E-13               2.4019E-13
14900                    1.2534E-13               1.2563E-13               2.5097E-13
15100                    1.3132E-13               1.3162E-13               2.6294E-13
15300                    1.3799E-13               1.3830E-13               2.7629E-13
15500                    1.4547E-13               1.4580E-13               2.9128E-13
15700                    1.5393E-13               1.5428E-13               3.0821E-13
15900                    1.6357E-13               1.6393E-13               3.2750E-13
16100                    1.7464E-13               1.7502E-13               3.4965E-13
16300                    1.8748E-13               1.8788E-13               3.7536E-13
16500                    2.0256E-13               2.0299E-13               4.0555E-13
16700                    2.2051E-13               2.2098E-13               4.4149E-13
16900                    2.4225E-13               2.4275E-13               4.8499E-13
17100                    2.6908E-13               2.6962E-13               5.3870E-13
17300                    3.0303E-13               3.0364E-13               6.0668E-13
17500                    3.4738E-13               3.4807E-13               6.9545E-13
17700                    4.0773E-13               4.0853E-13               8.1626E-13
17900                    4.9463E-13               4.9558E-13               9.9020E-13
18100                    6.3047E-13               6.3166E-13               1.2621E-12
18300                    8.7268E-13               8.7430E-13               1.7470E-12
18500                    1.4255E-12               1.4281E-12               2.8535E-12
18700                    3.8961E-12               3.9030E-12               7.7991E-12
18900                    4.5930E-12               4.6010E-12               9.1940E-12
19100                    1.4908E-12               1.4934E-12               2.9842E-12
19300                    8.8153E-13               8.8302E-13               1.7645E-12
19500                    6.2358E-13               6.2462E-13               1.2482E-12
19700                    4.8124E-13               4.8202E-13               9.6325E-13
19900                    3.9104E-13               3.9166E-13               7.8270E-13
20100                    3.2879E-13               3.2930E-13               6.5808E-13
20300                    2.8324E-13               2.8367E-13               5.6691E-13
20500                    2.4848E-13               2.4884E-13               4.9732E-13
20700                    2.2107E-13               2.2140E-13               4.4247E-13
20900                    1.9892E-13               1.9921E-13               3.9813E-13
21100                    1.8065E-13               1.8090E-13               3.6155E-13
21300                    1.6532E-13               1.6554E-13               3.3086E-13
21500                    1.5227E-13               1.5247E-13               3.0474E-13
21700                    1.4104E-13               1.4122E-13               2.8226E-13
21900                    1.3127E-13               1.3143E-13               2.6269E-13
22100                    1.2269E-13               1.2283E-13               2.4552E-13
22300                    1.1509E-13               1.1523E-13               2.3032E-13
22500                    1.0833E-13               1.0845E-13               2.1678E-13
22700                    1.0227E-13               1.0238E-13               2.0464E-13
22900                    9.6801E-14               9.6902E-14               1.9370E-13
23100                    9.1849E-14               9.1940E-14               1.8379E-13
23300                    8.7342E-14               8.7425E-14               1.7477E-13
23500                    8.3222E-14               8.3299E-14               1.6652E-13
23700                    7.9444E-14               7.9513E-14               1.5896E-13
23900                    7.5965E-14               7.6029E-14               1.5199E-13
24100                    7.2753E-14               7.2811E-14               1.4556E-13
24300                    6.9778E-14               6.9830E-14               1.3961E-13
24500                    6.7015E-14               6.7062E-14               1.3408E-13
24700                    6.4442E-14               6.4485E-14               1.2893E-13
24900                    6.2040E-14               6.2079E-14               1.2412E-13
