100.00                   3.9633E-14               3.5654E-14               7.5286E-14               0.0000                   0.0000                   0.0000
200.00                   3.9636E-14               3.5657E-14               7.5292E-14               0.0000                   0.0000                   0.0000
300.00                   3.9641E-14               3.5661E-14               7.5302E-14               0.0000                   0.0000                   0.0000
400.00                   3.9647E-14               3.5667E-14               7.5315E-14               0.0000                   0.0000                   0.0000
500.00                   3.9656E-14               3.5675E-14               7.5332E-14               0.0000                   0.0000                   0.0000
600.00                   3.9667E-14               3.5685E-14               7.5353E-14               0.0000                   0.0000                   0.0000
700.00                   3.9680E-14               3.5697E-14               7.5377E-14               0.0000                   0.0000                   0.0000
800.00                   3.9695E-14               3.5710E-14               7.5406E-14               0.0000                   0.0000                   0.0000
900.00                   3.9712E-14               3.5725E-14               7.5438E-14               0.0000                   0.0000                   0.0000
1000.0                   3.9731E-14               3.5742E-14               7.5474E-14               0.0000                   0.0000                   0.0000
1100.0                   3.9752E-14               3.5761E-14               7.5514E-14               0.0000                   0.0000                   0.0000
1200.0                   3.9775E-14               3.5782E-14               7.5557E-14               0.0000                   0.0000                   0.0000
1300.0                   3.9800E-14               3.5805E-14               7.5605E-14               0.0000                   0.0000                   0.0000
1400.0                   3.9827E-14               3.5829E-14               7.5656E-14               0.0000                   0.0000                   0.0000
1500.0                   3.9856E-14               3.5855E-14               7.5711E-14               0.0000                   0.0000                   0.0000
1600.0                   3.9888E-14               3.5883E-14               7.5771E-14               0.0000                   0.0000                   0.0000
1700.0                   3.9921E-14               3.5913E-14               7.5834E-14               0.0000                   0.0000                   0.0000
1800.0                   3.9956E-14               3.5945E-14               7.5901E-14               0.0000                   0.0000                   0.0000
1900.0                   3.9994E-14               3.5978E-14               7.5972E-14               0.0000                   0.0000                   0.0000
2000.0                   4.0033E-14               3.6014E-14               7.6047E-14               0.0000                   0.0000                   0.0000
2100.0                   4.0075E-14               3.6051E-14               7.6126E-14               0.0000                   0.0000                   0.0000
2200.0                   4.0119E-14               3.6090E-14               7.6209E-14               0.0000                   0.0000                   0.0000
2300.0                   4.0164E-14               3.6132E-14               7.6296E-14               0.0000                   0.0000                   0.0000
2400.0                   4.0212E-14               3.6175E-14               7.6387E-14               0.0000                   0.0000                   0.0000
2500.0                   4.0263E-14               3.6220E-14               7.6482E-14               0.0000                   0.0000                   0.0000
2600.0                   4.0315E-14               3.6267E-14               7.6582E-14               0.0000                   0.0000                   0.0000
2700.0                   4.0370E-14               3.6316E-14               7.6686E-14               0.0000                   0.0000                   0.0000
2800.0                   4.0426E-14               3.6367E-14               7.6793E-14               0.0000                   0.0000                   0.0000
2900.0                   4.0485E-14               3.6420E-14               7.6905E-14               0.0000                   0.0000                   0.0000
3000.0                   4.0547E-14               3.6475E-14               7.7022E-14               0.0000                   0.0000                   0.0000
3100.0                   4.0610E-14               3.6532E-14               7.7142E-14               0.0000                   0.0000                   0.0000
3200.0                   4.0676E-14               3.6591E-14               7.7267E-14               0.0000                   0.0000                   0.0000
3300.0                   4.0744E-14               3.6652E-14               7.7397E-14               0.0000                   0.0000                   0.0000
3400.0                   4.0815E-14               3.6716E-14               7.7531E-14               0.0000                   0.0000                   0.0000
3500.0                   4.0888E-14               3.6781E-14               7.7669E-14               0.0000                   0.0000                   0.0000
3600.0                   4.0963E-14               3.6849E-14               7.7812E-14               0.0000                   0.0000                   0.0000
3700.0                   4.1041E-14               3.6919E-14               7.7959E-14               0.0000                   0.0000                   0.0000
3800.0                   4.1121E-14               3.6990E-14               7.8111E-14               0.0000                   0.0000                   0.0000
3900.0                   4.1203E-14               3.7065E-14               7.8268E-14               0.0000                   0.0000                   0.0000
4000.0                   4.1288E-14               3.7141E-14               7.8429E-14               0.0000                   0.0000                   0.0000
4100.0                   4.1376E-14               3.7220E-14               7.8596E-14               0.0000                   0.0000                   0.0000
4200.0                   4.1466E-14               3.7301E-14               7.8767E-14               0.0000                   0.0000                   0.0000
4300.0                   4.1559E-14               3.7384E-14               7.8943E-14               0.0000                   0.0000                   0.0000
4400.0                   4.1654E-14               3.7469E-14               7.9123E-14               0.0000                   0.0000                   0.0000
4500.0                   4.1752E-14               3.7557E-14               7.9309E-14               0.0000                   0.0000                   0.0000
4600.0                   4.1853E-14               3.7648E-14               7.9500E-14               0.0000                   0.0000                   0.0000
4700.0                   4.1956E-14               3.7741E-14               7.9696E-14               0.0000                   0.0000                   0.0000
4800.0                   4.2062E-14               3.7836E-14               7.9898E-14               0.0000                   0.0000                   0.0000
4900.0                   4.2171E-14               3.7934E-14               8.0105E-14               0.0000                   0.0000                   0.0000
5000.0                   4.2283E-14               3.8034E-14               8.0317E-14               0.0000                   0.0000                   0.0000
5100.0                   4.2397E-14               3.8137E-14               8.0534E-14               0.0000                   0.0000                   0.0000
5200.0                   4.2515E-14               3.8242E-14               8.0757E-14               0.0000                   0.0000                   0.0000
5300.0                   4.2635E-14               3.8351E-14               8.0986E-14               0.0000                   0.0000                   0.0000
5400.0                   4.2759E-14               3.8461E-14               8.1220E-14               0.0000                   0.0000                   0.0000
5500.0                   4.2885E-14               3.8575E-14               8.1460E-14               0.0000                   0.0000                   0.0000
5600.0                   4.3015E-14               3.8691E-14               8.1706E-14               0.0000                   0.0000                   0.0000
5700.0                   4.3147E-14               3.8811E-14               8.1958E-14               0.0000                   0.0000                   0.0000
5800.0                   4.3283E-14               3.8933E-14               8.2216E-14               0.0000                   0.0000                   0.0000
5900.0                   4.3422E-14               3.9058E-14               8.2480E-14               0.0000                   0.0000                   0.0000
6000.0                   4.3565E-14               3.9186E-14               8.2750E-14               0.0000                   0.0000                   0.0000
6100.0                   4.3711E-14               3.9317E-14               8.3027E-14               0.0000                   0.0000                   0.0000
6200.0                   4.3860E-14               3.9451E-14               8.3310E-14               0.0000                   0.0000                   0.0000
6300.0                   4.4012E-14               3.9588E-14               8.3600E-14               0.0000                   0.0000                   0.0000
6400.0                   4.4169E-14               3.9728E-14               8.3897E-14               0.0000                   0.0000                   0.0000
6500.0                   4.4329E-14               3.9872E-14               8.4200E-14               0.0000                   0.0000                   0.0000
6600.0                   4.4492E-14               4.0018E-14               8.4510E-14               0.0000                   0.0000                   0.0000
6700.0                   4.4659E-14               4.0169E-14               8.4828E-14               0.0000                   0.0000                   0.0000
6800.0                   4.4830E-14               4.0322E-14               8.5153E-14               0.0000                   0.0000                   0.0000
6900.0                   4.5005E-14               4.0479E-14               8.5485E-14               0.0000                   0.0000                   0.0000
7000.0                   4.5184E-14               4.0640E-14               8.5824E-14               0.0000                   0.0000                   0.0000
7100.0                   4.5367E-14               4.0804E-14               8.6171E-14               0.0000                   0.0000                   0.0000
7200.0                   4.5554E-14               4.0972E-14               8.6526E-14               0.0000                   0.0000                   0.0000
7300.0                   4.5745E-14               4.1144E-14               8.6889E-14               0.0000                   0.0000                   0.0000
7400.0                   4.5941E-14               4.1320E-14               8.7260E-14               0.0000                   0.0000                   0.0000
7500.0                   4.6141E-14               4.1499E-14               8.7640E-14               0.0000                   0.0000                   0.0000
7600.0                   4.6345E-14               4.1683E-14               8.8027E-14               0.0000                   0.0000                   0.0000
7700.0                   4.6554E-14               4.1870E-14               8.8424E-14               0.0000                   0.0000                   0.0000
7800.0                   4.6767E-14               4.2062E-14               8.8829E-14               0.0000                   0.0000                   0.0000
7900.0                   4.6986E-14               4.2258E-14               8.9244E-14               0.0000                   0.0000                   0.0000
8000.0                   4.7209E-14               4.2459E-14               8.9667E-14               0.0000                   0.0000                   0.0000
8100.0                   4.7437E-14               4.2663E-14               9.0100E-14               0.0000                   0.0000                   0.0000
8200.0                   4.7670E-14               4.2873E-14               9.0543E-14               0.0000                   0.0000                   0.0000
8300.0                   4.7909E-14               4.3087E-14               9.0996E-14               0.0000                   0.0000                   0.0000
8400.0                   4.8152E-14               4.3306E-14               9.1459E-14               0.0000                   0.0000                   0.0000
8500.0                   4.8402E-14               4.3530E-14               9.1932E-14               0.0000                   0.0000                   0.0000
8600.0                   4.8657E-14               4.3759E-14               9.2415E-14               0.0000                   0.0000                   0.0000
8700.0                   4.8917E-14               4.3993E-14               9.2910E-14               0.0000                   0.0000                   0.0000
8800.0                   4.9184E-14               4.4232E-14               9.3416E-14               0.0000                   0.0000                   0.0000
8900.0                   4.9456E-14               4.4477E-14               9.3933E-14               0.0000                   0.0000                   0.0000
9000.0                   4.9735E-14               4.4727E-14               9.4462E-14               0.0000                   0.0000                   0.0000
9100.0                   5.0019E-14               4.4983E-14               9.5003E-14               0.0000                   0.0000                   0.0000
9200.0                   5.0311E-14               4.5245E-14               9.5556E-14               0.0000                   0.0000                   0.0000
9300.0                   5.0609E-14               4.5512E-14               9.6121E-14               0.0000                   0.0000                   0.0000
9400.0                   5.0914E-14               4.5786E-14               9.6700E-14               0.0000                   0.0000                   0.0000
9500.0                   5.1226E-14               4.6067E-14               9.7292E-14               0.0000                   0.0000                   0.0000
9600.0                   5.1545E-14               4.6353E-14               9.7898E-14               0.0000                   0.0000                   0.0000
9700.0                   5.1871E-14               4.6646E-14               9.8518E-14               0.0000                   0.0000                   0.0000
9800.0                   5.2206E-14               4.6947E-14               9.9152E-14               0.0000                   0.0000                   0.0000
9900.0                   5.2548E-14               4.7254E-14               9.9801E-14               0.0000                   0.0000                   0.0000
10000                    5.2898E-14               4.7568E-14               1.0047E-13               0.0000                   0.0000                   0.0000
