100.00                   5.4288E-13               5.3532E-13               1.0782E-12               5.4288E-13               5.3532E-13               1.0782E-12
200.00                   5.4329E-13               5.3572E-13               1.0790E-12               5.4329E-13               5.3572E-13               1.0790E-12
300.00                   5.4397E-13               5.3640E-13               1.0804E-12               5.4397E-13               5.3640E-13               1.0804E-12
400.00                   5.4493E-13               5.3734E-13               1.0823E-12               5.4493E-13               5.3734E-13               1.0823E-12
500.00                   5.4616E-13               5.3856E-13               1.0847E-12               5.4616E-13               5.3856E-13               1.0847E-12
600.00                   5.4768E-13               5.4005E-13               1.0877E-12               5.4768E-13               5.4005E-13               1.0877E-12
700.00                   5.4949E-13               5.4183E-13               1.0913E-12               5.4949E-13               5.4183E-13               1.0913E-12
800.00                   5.5159E-13               5.4389E-13               1.0955E-12               5.5159E-13               5.4389E-13               1.0955E-12
900.00                   5.5399E-13               5.4625E-13               1.1002E-12               5.5399E-13               5.4625E-13               1.1002E-12
1000.0                   5.5669E-13               5.4891E-13               1.1056E-12               5.5669E-13               5.4891E-13               1.1056E-12
1100.0                   5.5971E-13               5.5189E-13               1.1116E-12               5.5971E-13               5.5189E-13               1.1116E-12
1200.0                   5.6306E-13               5.5518E-13               1.1182E-12               5.6306E-13               5.5518E-13               1.1182E-12
1300.0                   5.6674E-13               5.5880E-13               1.1255E-12               5.6674E-13               5.5880E-13               1.1255E-12
1400.0                   5.7078E-13               5.6277E-13               1.1335E-12               5.7078E-13               5.6277E-13               1.1335E-12
1500.0                   5.7517E-13               5.6709E-13               1.1423E-12               5.7517E-13               5.6709E-13               1.1423E-12
1600.0                   5.7994E-13               5.7179E-13               1.1517E-12               5.7994E-13               5.7179E-13               1.1517E-12
1700.0                   5.8511E-13               5.7688E-13               1.1620E-12               5.8511E-13               5.7688E-13               1.1620E-12
1800.0                   5.9070E-13               5.8237E-13               1.1731E-12               5.9070E-13               5.8237E-13               1.1731E-12
1900.0                   5.9672E-13               5.8829E-13               1.1850E-12               5.9672E-13               5.8829E-13               1.1850E-12
2000.0                   6.0320E-13               5.9467E-13               1.1979E-12               6.0320E-13               5.9467E-13               1.1979E-12
2100.0                   6.1017E-13               6.0152E-13               1.2117E-12               6.1017E-13               6.0152E-13               1.2117E-12
2200.0                   6.1765E-13               6.0888E-13               1.2265E-12               6.1765E-13               6.0888E-13               1.2265E-12
2300.0                   6.2568E-13               6.1678E-13               1.2425E-12               6.2568E-13               6.1678E-13               1.2425E-12
2400.0                   6.3429E-13               6.2525E-13               1.2595E-12               6.3429E-13               6.2525E-13               1.2595E-12
2500.0                   6.4352E-13               6.3434E-13               1.2779E-12               6.4352E-13               6.3434E-13               1.2779E-12
2600.0                   6.5342E-13               6.4408E-13               1.2975E-12               6.5342E-13               6.4408E-13               1.2975E-12
2700.0                   6.6403E-13               6.5452E-13               1.3186E-12               6.6403E-13               6.5452E-13               1.3186E-12
2800.0                   6.7542E-13               6.6572E-13               1.3411E-12               6.7542E-13               6.6572E-13               1.3411E-12
2900.0                   6.8764E-13               6.7775E-13               1.3654E-12               6.8764E-13               6.7775E-13               1.3654E-12
3000.0                   7.0076E-13               6.9066E-13               1.3914E-12               7.0076E-13               6.9066E-13               1.3914E-12
3100.0                   7.1487E-13               7.0453E-13               1.4194E-12               7.1487E-13               7.0453E-13               1.4194E-12
3200.0                   7.3004E-13               7.1946E-13               1.4495E-12               7.3004E-13               7.1946E-13               1.4495E-12
3300.0                   7.4639E-13               7.3555E-13               1.4819E-12               7.4639E-13               7.3555E-13               1.4819E-12
3400.0                   7.6403E-13               7.5290E-13               1.5169E-12               7.6403E-13               7.5290E-13               1.5169E-12
3500.0                   7.8308E-13               7.7164E-13               1.5547E-12               7.8308E-13               7.7164E-13               1.5547E-12
3600.0                   8.0370E-13               7.9193E-13               1.5956E-12               8.0370E-13               7.9193E-13               1.5956E-12
3700.0                   8.2607E-13               8.1394E-13               1.6400E-12               8.2607E-13               8.1394E-13               1.6400E-12
3800.0                   8.5038E-13               8.3786E-13               1.6882E-12               8.5038E-13               8.3786E-13               1.6882E-12
3900.0                   8.7688E-13               8.6393E-13               1.7408E-12               8.7688E-13               8.6393E-13               1.7408E-12
4000.0                   9.0584E-13               8.9242E-13               1.7983E-12               9.0584E-13               8.9242E-13               1.7983E-12
4100.0                   9.3758E-13               9.2365E-13               1.8612E-12               9.3758E-13               9.2365E-13               1.8612E-12
4200.0                   9.7251E-13               9.5801E-13               1.9305E-12               9.7251E-13               9.5801E-13               1.9305E-12
4300.0                   1.0111E-12               9.9595E-13               2.0070E-12               1.0111E-12               9.9595E-13               2.0070E-12
4400.0                   1.0538E-12               1.0380E-12               2.0919E-12               1.0538E-12               1.0380E-12               2.0919E-12
4500.0                   1.1015E-12               1.0849E-12               2.1865E-12               1.1015E-12               1.0849E-12               2.1865E-12
4600.0                   1.1549E-12               1.1375E-12               2.2924E-12               1.1549E-12               1.1375E-12               2.2924E-12
4700.0                   1.2152E-12               1.1967E-12               2.4119E-12               1.2152E-12               1.1967E-12               2.4119E-12
4800.0                   1.2835E-12               1.2640E-12               2.5475E-12               1.2835E-12               1.2640E-12               2.5475E-12
4900.0                   1.3617E-12               1.3409E-12               2.7027E-12               1.3617E-12               1.3409E-12               2.7027E-12
5000.0                   1.4520E-12               1.4298E-12               2.8818E-12               1.4520E-12               1.4298E-12               2.8818E-12
5100.0                   1.5574E-12               1.5335E-12               3.0909E-12               1.5574E-12               1.5335E-12               3.0909E-12
5200.0                   1.6819E-12               1.6559E-12               3.3378E-12               1.6819E-12               1.6559E-12               3.3378E-12
5300.0                   1.8310E-12               1.8026E-12               3.6337E-12               1.8310E-12               1.8026E-12               3.6337E-12
5400.0                   2.0129E-12               1.9816E-12               3.9946E-12               2.0129E-12               1.9816E-12               3.9946E-12
5500.0                   2.2396E-12               2.2046E-12               4.4442E-12               2.2396E-12               2.2046E-12               4.4442E-12
5600.0                   2.5297E-12               2.4900E-12               5.0196E-12               2.5297E-12               2.4900E-12               5.0196E-12
5700.0                   2.9138E-12               2.8679E-12               5.7818E-12               2.9138E-12               2.8679E-12               5.7818E-12
5800.0                   3.4465E-12               3.3920E-12               6.8384E-12               3.4465E-12               3.3920E-12               6.8384E-12
5900.0                   4.2338E-12               4.1666E-12               8.4004E-12               4.2338E-12               4.1666E-12               8.4004E-12
6000.0                   5.5153E-12               5.4274E-12               1.0943E-11               5.5153E-12               5.4274E-12               1.0943E-11
6100.0                   7.9673E-12               7.8397E-12               1.5807E-11               7.9673E-12               7.8397E-12               1.5807E-11
6200.0                   1.4536E-11               1.4302E-11               2.8839E-11               1.4536E-11               1.4302E-11               2.8839E-11
6300.0                   8.9655E-11               8.8207E-11               1.7786E-10               8.9655E-11               8.8207E-11               1.7786E-10
6400.0                   2.1094E-11               2.0752E-11               4.1847E-11               2.1094E-11               2.0752E-11               4.1847E-11
6500.0                   9.3558E-12               9.2034E-12               1.8559E-11               9.3558E-12               9.2034E-12               1.8559E-11
6600.0                   5.9779E-12               5.8800E-12               1.1858E-11               5.9779E-12               5.8800E-12               1.1858E-11
6700.0                   4.3744E-12               4.3025E-12               8.6769E-12               4.3744E-12               4.3025E-12               8.6769E-12
6800.0                   3.4383E-12               3.3815E-12               6.8198E-12               3.4383E-12               3.3815E-12               6.8198E-12
6900.0                   2.8249E-12               2.7780E-12               5.6029E-12               2.8249E-12               2.7780E-12               5.6029E-12
7000.0                   2.3919E-12               2.3520E-12               4.7440E-12               2.3919E-12               2.3520E-12               4.7440E-12
7100.0                   2.0701E-12               2.0354E-12               4.1055E-12               2.0701E-12               2.0354E-12               4.1055E-12
7200.0                   1.8216E-12               1.7909E-12               3.6124E-12               1.8216E-12               1.7909E-12               3.6124E-12
7300.0                   1.6239E-12               1.5964E-12               3.2203E-12               1.6239E-12               1.5964E-12               3.2203E-12
7400.0                   1.4629E-12               1.4380E-12               2.9010E-12               1.4629E-12               1.4380E-12               2.9010E-12
7500.0                   1.3294E-12               1.3067E-12               2.6360E-12               1.3294E-12               1.3067E-12               2.6360E-12
7600.0                   1.2168E-12               1.1959E-12               2.4127E-12               1.2168E-12               1.1959E-12               2.4127E-12
7700.0                   1.1207E-12               1.1013E-12               2.2220E-12               1.1207E-12               1.1013E-12               2.2220E-12
7800.0                   1.0376E-12               1.0196E-12               2.0572E-12               1.0376E-12               1.0196E-12               2.0572E-12
7900.0                   9.6516E-13               9.4834E-13               1.9135E-12               9.6516E-13               9.4834E-13               1.9135E-12
8000.0                   9.0143E-13               8.8563E-13               1.7871E-12               9.0143E-13               8.8563E-13               1.7871E-12
8100.0                   8.4493E-13               8.3005E-13               1.6750E-12               8.4493E-13               8.3005E-13               1.6750E-12
8200.0                   7.9452E-13               7.8045E-13               1.5750E-12               7.9452E-13               7.8045E-13               1.5750E-12
8300.0                   7.4927E-13               7.3593E-13               1.4852E-12               7.4927E-13               7.3593E-13               1.4852E-12
8400.0                   7.0843E-13               6.9576E-13               1.4042E-12               7.0843E-13               6.9576E-13               1.4042E-12
8500.0                   6.7141E-13               6.5933E-13               1.3307E-12               6.7141E-13               6.5933E-13               1.3307E-12
8600.0                   6.3768E-13               6.2615E-13               1.2638E-12               6.3768E-13               6.2615E-13               1.2638E-12
8700.0                   6.0685E-13               5.9582E-13               1.2027E-12               6.0685E-13               5.9582E-13               1.2027E-12
8800.0                   5.7855E-13               5.6798E-13               1.1465E-12               5.7855E-13               5.6798E-13               1.1465E-12
8900.0                   5.5250E-13               5.4234E-13               1.0948E-12               5.5250E-13               5.4234E-13               1.0948E-12
9000.0                   5.2843E-13               5.1867E-13               1.0471E-12               5.2843E-13               5.1867E-13               1.0471E-12
9100.0                   5.0614E-13               4.9674E-13               1.0029E-12               5.0614E-13               4.9674E-13               1.0029E-12
9200.0                   4.8544E-13               4.7637E-13               9.6181E-13               4.8544E-13               4.7637E-13               9.6181E-13
9300.0                   4.6616E-13               4.5740E-13               9.2357E-13               4.6616E-13               4.5740E-13               9.2357E-13
9400.0                   4.4818E-13               4.3971E-13               8.8788E-13               4.4818E-13               4.3971E-13               8.8788E-13
9500.0                   4.3136E-13               4.2316E-13               8.5452E-13               4.3136E-13               4.2316E-13               8.5452E-13
9600.0                   4.1559E-13               4.0765E-13               8.2325E-13               4.1559E-13               4.0765E-13               8.2325E-13
9700.0                   4.0080E-13               3.9309E-13               7.9389E-13               4.0080E-13               3.9309E-13               7.9389E-13
9800.0                   3.8688E-13               3.7940E-13               7.6628E-13               3.8688E-13               3.7940E-13               7.6628E-13
9900.0                   3.7377E-13               3.6650E-13               7.4027E-13               3.7377E-13               3.6650E-13               7.4027E-13
10000                    3.6140E-13               3.5433E-13               7.1573E-13               3.6140E-13               3.5433E-13               7.1573E-13
