100.00                   5.3956E-13               5.2151E-13               1.0611E-12               0.0000                   0.0000                   0.0000
200.00                   5.3996E-13               5.2190E-13               1.0619E-12               0.0000                   0.0000                   0.0000
300.00                   5.4063E-13               5.2255E-13               1.0632E-12               0.0000                   0.0000                   0.0000
400.00                   5.4158E-13               5.2346E-13               1.0650E-12               0.0000                   0.0000                   0.0000
500.00                   5.4280E-13               5.2464E-13               1.0674E-12               0.0000                   0.0000                   0.0000
600.00                   5.4430E-13               5.2609E-13               1.0704E-12               0.0000                   0.0000                   0.0000
700.00                   5.4609E-13               5.2781E-13               1.0739E-12               0.0000                   0.0000                   0.0000
800.00                   5.4816E-13               5.2981E-13               1.0780E-12               0.0000                   0.0000                   0.0000
900.00                   5.5053E-13               5.3209E-13               1.0826E-12               0.0000                   0.0000                   0.0000
1000.0                   5.5320E-13               5.3467E-13               1.0879E-12               0.0000                   0.0000                   0.0000
1100.0                   5.5618E-13               5.3755E-13               1.0937E-12               0.0000                   0.0000                   0.0000
1200.0                   5.5949E-13               5.4073E-13               1.1002E-12               0.0000                   0.0000                   0.0000
1300.0                   5.6312E-13               5.4424E-13               1.1074E-12               0.0000                   0.0000                   0.0000
1400.0                   5.6710E-13               5.4808E-13               1.1152E-12               0.0000                   0.0000                   0.0000
1500.0                   5.7144E-13               5.5227E-13               1.1237E-12               0.0000                   0.0000                   0.0000
1600.0                   5.7615E-13               5.5681E-13               1.1330E-12               0.0000                   0.0000                   0.0000
1700.0                   5.8125E-13               5.6173E-13               1.1430E-12               0.0000                   0.0000                   0.0000
1800.0                   5.8677E-13               5.6705E-13               1.1538E-12               0.0000                   0.0000                   0.0000
1900.0                   5.9271E-13               5.7278E-13               1.1655E-12               0.0000                   0.0000                   0.0000
2000.0                   5.9910E-13               5.7894E-13               1.1780E-12               0.0000                   0.0000                   0.0000
2100.0                   6.0597E-13               5.8557E-13               1.1915E-12               0.0000                   0.0000                   0.0000
2200.0                   6.1335E-13               5.9268E-13               1.2060E-12               0.0000                   0.0000                   0.0000
2300.0                   6.2126E-13               6.0032E-13               1.2216E-12               0.0000                   0.0000                   0.0000
2400.0                   6.2975E-13               6.0851E-13               1.2383E-12               0.0000                   0.0000                   0.0000
2500.0                   6.3885E-13               6.1728E-13               1.2561E-12               0.0000                   0.0000                   0.0000
2600.0                   6.4860E-13               6.2669E-13               1.2753E-12               0.0000                   0.0000                   0.0000
2700.0                   6.5906E-13               6.3678E-13               1.2958E-12               0.0000                   0.0000                   0.0000
2800.0                   6.7027E-13               6.4759E-13               1.3179E-12               0.0000                   0.0000                   0.0000
2900.0                   6.8231E-13               6.5920E-13               1.3415E-12               0.0000                   0.0000                   0.0000
3000.0                   6.9522E-13               6.7166E-13               1.3669E-12               0.0000                   0.0000                   0.0000
3100.0                   7.0910E-13               6.8505E-13               1.3941E-12               0.0000                   0.0000                   0.0000
3200.0                   7.2403E-13               6.9944E-13               1.4235E-12               0.0000                   0.0000                   0.0000
3300.0                   7.4011E-13               7.1495E-13               1.4551E-12               0.0000                   0.0000                   0.0000
3400.0                   7.5744E-13               7.3167E-13               1.4891E-12               0.0000                   0.0000                   0.0000
3500.0                   7.7616E-13               7.4973E-13               1.5259E-12               0.0000                   0.0000                   0.0000
3600.0                   7.9642E-13               7.6926E-13               1.5657E-12               0.0000                   0.0000                   0.0000
3700.0                   8.1837E-13               7.9044E-13               1.6088E-12               0.0000                   0.0000                   0.0000
3800.0                   8.4223E-13               8.1345E-13               1.6557E-12               0.0000                   0.0000                   0.0000
3900.0                   8.6821E-13               8.3851E-13               1.7067E-12               0.0000                   0.0000                   0.0000
4000.0                   8.9659E-13               8.6588E-13               1.7625E-12               0.0000                   0.0000                   0.0000
4100.0                   9.2768E-13               8.9587E-13               1.8235E-12               0.0000                   0.0000                   0.0000
4200.0                   9.6185E-13               9.2883E-13               1.8907E-12               0.0000                   0.0000                   0.0000
4300.0                   9.9956E-13               9.6520E-13               1.9648E-12               0.0000                   0.0000                   0.0000
4400.0                   1.0413E-12               1.0055E-12               2.0468E-12               0.0000                   0.0000                   0.0000
4500.0                   1.0879E-12               1.0504E-12               2.1382E-12               0.0000                   0.0000                   0.0000
4600.0                   1.1399E-12               1.1006E-12               2.2405E-12               0.0000                   0.0000                   0.0000
4700.0                   1.1985E-12               1.1571E-12               2.3557E-12               0.0000                   0.0000                   0.0000
4800.0                   1.2650E-12               1.2212E-12               2.4862E-12               0.0000                   0.0000                   0.0000
4900.0                   1.3409E-12               1.2945E-12               2.6354E-12               0.0000                   0.0000                   0.0000
5000.0                   1.4284E-12               1.3788E-12               2.8072E-12               0.0000                   0.0000                   0.0000
5100.0                   1.5302E-12               1.4771E-12               3.0073E-12               0.0000                   0.0000                   0.0000
5200.0                   1.6502E-12               1.5928E-12               3.2430E-12               0.0000                   0.0000                   0.0000
5300.0                   1.7936E-12               1.7311E-12               3.5246E-12               0.0000                   0.0000                   0.0000
5400.0                   1.9678E-12               1.8991E-12               3.8668E-12               0.0000                   0.0000                   0.0000
5500.0                   2.1838E-12               2.1075E-12               4.2913E-12               0.0000                   0.0000                   0.0000
5600.0                   2.4587E-12               2.3726E-12               4.8313E-12               0.0000                   0.0000                   0.0000
5700.0                   2.8201E-12               2.7212E-12               5.5413E-12               0.0000                   0.0000                   0.0000
5800.0                   3.3161E-12               3.1996E-12               6.5157E-12               0.0000                   0.0000                   0.0000
5900.0                   4.0388E-12               3.8967E-12               7.9355E-12               0.0000                   0.0000                   0.0000
6000.0                   5.1889E-12               5.0061E-12               1.0195E-11               0.0000                   0.0000                   0.0000
6100.0                   7.3037E-12               7.0459E-12               1.4350E-11               0.0000                   0.0000                   0.0000
6200.0                   1.2470E-11               1.2029E-11               2.4498E-11               0.0000                   0.0000                   0.0000
6300.0                   4.4338E-11               4.2768E-11               8.7106E-11               0.0000                   0.0000                   0.0000
6400.0                   2.7772E-11               2.6786E-11               5.4558E-11               0.0000                   0.0000                   0.0000
6500.0                   1.0472E-11               1.0100E-11               2.0572E-11               0.0000                   0.0000                   0.0000
6600.0                   6.4147E-12               6.1863E-12               1.2601E-11               0.0000                   0.0000                   0.0000
6700.0                   4.6038E-12               4.4396E-12               9.0433E-12               0.0000                   0.0000                   0.0000
6800.0                   3.5784E-12               3.4505E-12               7.0289E-12               0.0000                   0.0000                   0.0000
6900.0                   2.9187E-12               2.8142E-12               5.7330E-12               0.0000                   0.0000                   0.0000
7000.0                   2.4588E-12               2.3707E-12               4.8295E-12               0.0000                   0.0000                   0.0000
7100.0                   2.1200E-12               2.0438E-12               4.1638E-12               0.0000                   0.0000                   0.0000
7200.0                   1.8601E-12               1.7931E-12               3.6532E-12               0.0000                   0.0000                   0.0000
7300.0                   1.6544E-12               1.5947E-12               3.2491E-12               0.0000                   0.0000                   0.0000
7400.0                   1.4876E-12               1.4339E-12               2.9215E-12               0.0000                   0.0000                   0.0000
7500.0                   1.3497E-12               1.3009E-12               2.6506E-12               0.0000                   0.0000                   0.0000
7600.0                   1.2338E-12               1.1891E-12               2.4229E-12               0.0000                   0.0000                   0.0000
7700.0                   1.1351E-12               1.0938E-12               2.2289E-12               0.0000                   0.0000                   0.0000
7800.0                   1.0499E-12               1.0117E-12               2.0616E-12               0.0000                   0.0000                   0.0000
7900.0                   9.7581E-13               9.4021E-13               1.9160E-12               0.0000                   0.0000                   0.0000
8000.0                   9.1069E-13               8.7741E-13               1.7881E-12               0.0000                   0.0000                   0.0000
8100.0                   8.5306E-13               8.2181E-13               1.6749E-12               0.0000                   0.0000                   0.0000
8200.0                   8.0169E-13               7.7227E-13               1.5740E-12               0.0000                   0.0000                   0.0000
8300.0                   7.5563E-13               7.2785E-13               1.4835E-12               0.0000                   0.0000                   0.0000
8400.0                   7.1411E-13               6.8781E-13               1.4019E-12               0.0000                   0.0000                   0.0000
8500.0                   6.7649E-13               6.5153E-13               1.3280E-12               0.0000                   0.0000                   0.0000
8600.0                   6.4226E-13               6.1851E-13               1.2608E-12               0.0000                   0.0000                   0.0000
8700.0                   6.1099E-13               5.8835E-13               1.1993E-12               0.0000                   0.0000                   0.0000
8800.0                   5.8230E-13               5.6069E-13               1.1430E-12               0.0000                   0.0000                   0.0000
8900.0                   5.5591E-13               5.3524E-13               1.0911E-12               0.0000                   0.0000                   0.0000
9000.0                   5.3154E-13               5.1174E-13               1.0433E-12               0.0000                   0.0000                   0.0000
9100.0                   5.0898E-13               4.8999E-13               9.9897E-13               0.0000                   0.0000                   0.0000
9200.0                   4.8804E-13               4.6980E-13               9.5784E-13               0.0000                   0.0000                   0.0000
9300.0                   4.6855E-13               4.5101E-13               9.1956E-13               0.0000                   0.0000                   0.0000
9400.0                   4.5037E-13               4.3349E-13               8.8386E-13               0.0000                   0.0000                   0.0000
9500.0                   4.3338E-13               4.1711E-13               8.5049E-13               0.0000                   0.0000                   0.0000
9600.0                   4.1746E-13               4.0177E-13               8.1923E-13               0.0000                   0.0000                   0.0000
9700.0                   4.0252E-13               3.8737E-13               7.8989E-13               0.0000                   0.0000                   0.0000
9800.0                   3.8847E-13               3.7384E-13               7.6231E-13               0.0000                   0.0000                   0.0000
9900.0                   3.7524E-13               3.6110E-13               7.3634E-13               0.0000                   0.0000                   0.0000
10000                    3.6276E-13               3.4908E-13               7.1184E-13               0.0000                   0.0000                   0.0000
