0.0000                   1.6040E-10               1.6041E-10
10.000                   1.6043E-10               1.6043E-10
20.000                   1.6051E-10               1.6051E-10
30.000                   1.6063E-10               1.6064E-10
40.000                   1.6082E-10               1.6082E-10
50.000                   1.6105E-10               1.6105E-10
60.000                   1.6133E-10               1.6134E-10
70.000                   1.6167E-10               1.6168E-10
80.000                   1.6207E-10               1.6207E-10
90.000                   1.6252E-10               1.6252E-10
100.00                   1.6302E-10               1.6302E-10
110.00                   1.6358E-10               1.6358E-10
120.00                   1.6420E-10               1.6420E-10
130.00                   1.6487E-10               1.6488E-10
140.00                   1.6561E-10               1.6562E-10
150.00                   1.6641E-10               1.6641E-10
160.00                   1.6727E-10               1.6728E-10
170.00                   1.6820E-10               1.6821E-10
180.00                   1.6920E-10               1.6920E-10
190.00                   1.7026E-10               1.7027E-10
200.00                   1.7140E-10               1.7140E-10
210.00                   1.7261E-10               1.7261E-10
220.00                   1.7390E-10               1.7390E-10
230.00                   1.7527E-10               1.7527E-10
240.00                   1.7672E-10               1.7673E-10
250.00                   1.7826E-10               1.7827E-10
260.00                   1.7989E-10               1.7990E-10
270.00                   1.8162E-10               1.8163E-10
280.00                   1.8345E-10               1.8345E-10
290.00                   1.8538E-10               1.8539E-10
300.00                   1.8742E-10               1.8743E-10
310.00                   1.8958E-10               1.8959E-10
320.00                   1.9186E-10               1.9187E-10
330.00                   1.9428E-10               1.9428E-10
340.00                   1.9683E-10               1.9683E-10
350.00                   1.9952E-10               1.9953E-10
360.00                   2.0237E-10               2.0238E-10
370.00                   2.0539E-10               2.0540E-10
380.00                   2.0858E-10               2.0859E-10
390.00                   2.1196E-10               2.1197E-10
400.00                   2.1555E-10               2.1556E-10
410.00                   2.1935E-10               2.1936E-10
420.00                   2.2339E-10               2.2339E-10
430.00                   2.2767E-10               2.2768E-10
440.00                   2.3223E-10               2.3224E-10
450.00                   2.3709E-10               2.3710E-10
460.00                   2.4227E-10               2.4227E-10
470.00                   2.4779E-10               2.4780E-10
480.00                   2.5370E-10               2.5371E-10
490.00                   2.6003E-10               2.6004E-10
500.00                   2.6682E-10               2.6683E-10
510.00                   2.7412E-10               2.7413E-10
520.00                   2.8198E-10               2.8199E-10
530.00                   2.9047E-10               2.9048E-10
540.00                   2.9965E-10               2.9967E-10
550.00                   3.0962E-10               3.0964E-10
560.00                   3.2048E-10               3.2049E-10
570.00                   3.3233E-10               3.3234E-10
580.00                   3.4531E-10               3.4533E-10
590.00                   3.5960E-10               3.5962E-10
600.00                   3.7539E-10               3.7541E-10
610.00                   3.9293E-10               3.9294E-10
620.00                   4.1250E-10               4.1252E-10
630.00                   4.3447E-10               4.3449E-10
640.00                   4.5932E-10               4.5934E-10
650.00                   4.8763E-10               4.8765E-10
660.00                   5.2015E-10               5.2018E-10
670.00                   5.5791E-10               5.5794E-10
680.00                   6.0225E-10               6.0228E-10
690.00                   6.5504E-10               6.5508E-10
700.00                   7.1892E-10               7.1896E-10
710.00                   7.9778E-10               7.9782E-10
720.00                   8.9752E-10               8.9757E-10
730.00                   1.0277E-9                1.0277E-9
740.00                   1.2045E-9                1.2046E-9
750.00                   1.4585E-9                1.4586E-9
755.00                   1.6320E-9                1.6321E-9
760.00                   1.8536E-9                1.8538E-9
765.00                   2.1465E-9                2.1467E-9
770.00                   2.5511E-9                2.5513E-9
775.00                   3.1450E-9                3.1452E-9
780.00                   4.0966E-9                4.0968E-9
785.00                   5.8401E-9                5.8405E-9
790.00                   9.7586E-9                9.7592E-9
795.00                   1.7300E-8                1.7301E-8
800.00                   1.1146E-8                1.1147E-8
805.00                   6.3455E-9                6.3459E-9
810.00                   4.3069E-9                4.3072E-9
815.00                   3.2362E-9                3.2364E-9
820.00                   2.5840E-9                2.5841E-9
825.00                   2.1468E-9                2.1469E-9
830.00                   1.8339E-9                1.8340E-9
840.00                   1.4166E-9                1.4167E-9
850.00                   1.1513E-9                1.1514E-9
860.00                   9.6786E-10               9.6793E-10
870.00                   8.3357E-10               8.3362E-10
880.00                   7.3102E-10               7.3107E-10
890.00                   6.5017E-10               6.5022E-10
900.00                   5.8482E-10               5.8486E-10
910.00                   5.3090E-10               5.3094E-10
920.00                   4.8566E-10               4.8570E-10
930.00                   4.4718E-10               4.4721E-10
940.00                   4.1405E-10               4.1408E-10
950.00                   3.8523E-10               3.8526E-10
960.00                   3.5993E-10               3.5996E-10
970.00                   3.3755E-10               3.3758E-10
980.00                   3.1762E-10               3.1765E-10
990.00                   2.9976E-10               2.9979E-10
1000.0                   2.8366E-10               2.8369E-10
