   0.0000000e+00   6.5445748e-02   3.6102920e-01
   1.0000000e+00   6.2318612e-02   3.5608031e-01
   2.0000000e+00   1.9245835e-02   3.6497968e-01
   3.0000000e+00   1.7517116e-03   3.6420123e-01
   4.0000000e+00   1.7517116e-03   3.6420123e-01
   5.0000000e+00   1.7517116e-03   3.6420123e-01
   6.0000000e+00   1.7517116e-03   3.6420123e-01
   7.0000000e+00   1.7517116e-03   3.6420123e-01
   8.0000000e+00   1.6031873e-03   3.6418313e-01
   9.0000000e+00   1.6031873e-03   3.6418313e-01
   1.0000000e+01   1.4578985e-03   3.6418951e-01
   1.1000000e+01   1.4578985e-03   3.6418951e-01
   1.2000000e+01   9.5277628e-04   3.6424719e-01
   1.3000000e+01   9.5277628e-04   3.6424719e-01
   1.4000000e+01   4.8967777e-04   3.6433714e-01
   1.5000000e+01   4.8967777e-04   3.6433714e-01
   1.6000000e+01   4.8967777e-04   3.6433714e-01
   1.7000000e+01   4.8967777e-04   3.6433714e-01
   1.8000000e+01   1.9665673e-04   3.6416424e-01
   1.9000000e+01   1.9665673e-04   3.6416424e-01
   2.0000000e+01   4.5732546e-05   3.6422179e-01
   2.1000000e+01   2.7483603e-05   3.6420277e-01
   2.2000000e+01   2.7483603e-05   3.6420277e-01
   2.3000000e+01   2.7483603e-05   3.6420277e-01
   2.4000000e+01   2.7483603e-05   3.6420277e-01
   2.5000000e+01   2.7483603e-05   3.6420277e-01
   2.6000000e+01   2.7483603e-05   3.6420277e-01
   2.7000000e+01   2.7483603e-05   3.6420277e-01
   2.8000000e+01   2.7483603e-05   3.6420277e-01
   2.9000000e+01   2.7483603e-05   3.6420277e-01
   3.0000000e+01   2.7483603e-05   3.6420277e-01
   3.1000000e+01   2.7483603e-05   3.6420277e-01
   3.2000000e+01   2.7483603e-05   3.6420277e-01
   3.3000000e+01   2.7483603e-05   3.6420277e-01
   3.4000000e+01   2.7483603e-05   3.6420277e-01
   3.5000000e+01   2.7483603e-05   3.6420277e-01
   3.6000000e+01   2.7483603e-05   3.6420277e-01
   3.7000000e+01   2.7483603e-05   3.6420277e-01
   3.8000000e+01   1.0471808e-05   3.6420364e-01
   3.9000000e+01   1.0471808e-05   3.6420364e-01
   4.0000000e+01   1.0471808e-05   3.6420364e-01
   4.1000000e+01   1.0446714e-05   3.6420364e-01
   4.2000000e+01   1.0446714e-05   3.6420364e-01
   4.3000000e+01   1.0446714e-05   3.6420364e-01
   4.4000000e+01   1.0446714e-05   3.6420364e-01
   4.5000000e+01   1.0446714e-05   3.6420364e-01
   4.6000000e+01   1.0446714e-05   3.6420364e-01
   4.7000000e+01   1.0446714e-05   3.6420364e-01
   4.8000000e+01   1.0446714e-05   3.6420364e-01
   4.9000000e+01   1.0213495e-05   3.6420197e-01
   5.0000000e+01   1.0213495e-05   3.6420197e-01
   5.1000000e+01   1.0213495e-05   3.6420197e-01
