   2.6862404e-01   1.0000000e+00
   1.1672138e-01   2.0000000e+00
   5.0860682e-02   3.0000000e+00
   1.8640512e-02   4.0000000e+00
   1.8010881e-02   5.0000000e+00
   1.9379710e-02   6.0000000e+00
   1.4635047e-02   7.0000000e+00
   2.2052310e-02   8.0000000e+00
   1.8093970e-02   9.0000000e+00
   1.0410938e-02   1.0000000e+01
   1.5689919e-02   1.1000000e+01
   1.5923966e-02   1.2000000e+01
   2.3786038e-02   1.3000000e+01
   1.7532195e-02   1.4000000e+01
   1.5411177e-02   1.5000000e+01
   1.6583870e-02   1.6000000e+01
   1.7749689e-02   1.7000000e+01
   2.9113572e-02   1.8000000e+01
   1.3180944e-02   1.9000000e+01
   1.6915016e-02   2.0000000e+01
   1.8759072e-02   2.1000000e+01
   2.5286003e-02   2.2000000e+01
   2.2142686e-02   2.3000000e+01
   1.9519478e-02   2.4000000e+01
   1.8820601e-02   2.5000000e+01
   1.8566062e-02   2.6000000e+01
   1.1543876e-02   2.7000000e+01
   2.3774877e-02   2.8000000e+01
   1.7162398e-02   2.9000000e+01
   1.6842574e-02   3.0000000e+01
   1.8477645e-02   3.1000000e+01
   2.9607170e-02   3.2000000e+01
   2.1542110e-02   3.3000000e+01
   1.3850229e-02   3.4000000e+01
   2.4503190e-02   3.5000000e+01
   2.6478631e-02   3.6000000e+01
   1.8220542e-02   3.7000000e+01
   1.8251887e-02   3.8000000e+01
   1.7965539e-02   3.9000000e+01
   3.1490464e-02   4.0000000e+01
   2.6060092e-02   4.1000000e+01
   1.6619003e-02   4.2000000e+01
   1.1426860e-02   4.3000000e+01
   1.4609419e-02   4.4000000e+01
   1.4389124e-02   4.5000000e+01
   1.2284952e-02   4.6000000e+01
   1.8670335e-02   4.7000000e+01
   1.6711914e-02   4.8000000e+01
   1.6439144e-02   4.9000000e+01
   1.8728863e-02   5.0000000e+01
   2.6144035e-02   5.1000000e+01
   2.1144063e-02   5.2000000e+01
   1.3302388e-02   5.3000000e+01
   2.9752086e-02   5.4000000e+01
