   1.0000000e-01   3.0827313e-01   1.7712857e+01
   2.0000000e-01   3.1334809e-01   1.7258914e+01
   3.0000000e-01   3.0790860e-01   1.7208154e+01
   4.0000000e-01   3.0029411e-01   1.7279506e+01
   5.0000000e-01   2.9214184e-01   1.7404180e+01
   6.0000000e-01   2.8393744e-01   1.7556470e+01
   7.0000000e-01   2.7588233e-01   1.7724114e+01
   8.0000000e-01   2.6806041e-01   1.7900719e+01
   9.0000000e-01   2.6051008e-01   1.8082782e+01
   1.0000000e+00   2.5324829e-01   1.8267799e+01
   1.1000000e+00   2.4627943e-01   1.8454428e+01
   1.2000000e+00   2.3959790e-01   1.8641609e+01
   1.3000000e+00   2.3319711e-01   1.8828746e+01
   1.4000000e+00   2.2706492e-01   1.9015593e+01
   1.5000000e+00   2.2119126e-01   1.9201503e+01
   1.6000000e+00   2.1556357e-01   1.9386267e+01
   1.7000000e+00   2.1016936e-01   1.9570193e+01
   1.8000000e+00   2.0499669e-01   1.9752623e+01
   1.9000000e+00   2.0003477e-01   1.9933920e+01
   2.0000000e+00   1.9527157e-01   2.0113871e+01
   2.1000000e+00   1.9069704e-01   2.0292472e+01
   2.2000000e+00   1.8630067e-01   2.0469776e+01
   2.3000000e+00   1.8207268e-01   2.0645847e+01
   2.4000000e+00   1.7800567e-01   2.0820603e+01
   2.5000000e+00   1.7408964e-01   2.0993874e+01
   2.6000000e+00   1.7031764e-01   2.1166077e+01
   2.7000000e+00   1.6668185e-01   2.1337091e+01
   2.8000000e+00   1.6317541e-01   2.1507046e+01
   2.9000000e+00   1.5979169e-01   2.1675674e+01
   3.0000000e+00   1.5652510e-01   2.1843359e+01
   3.1000000e+00   1.5336892e-01   2.2009976e+01
   3.2000000e+00   1.5031852e-01   2.2175533e+01
   3.3000000e+00   1.4736854e-01   2.2340156e+01
   3.4000000e+00   1.4451465e-01   2.2503731e+01
   3.5000000e+00   1.4175169e-01   2.2666407e+01
   3.6000000e+00   1.3907588e-01   2.2828394e+01
   3.7000000e+00   1.3648298e-01   2.2989238e+01
   3.8000000e+00   1.3396956e-01   2.3149463e+01
   3.9000000e+00   1.3153192e-01   2.3308810e+01
   4.0000000e+00   1.2916655e-01   2.3467578e+01
   4.1000000e+00   1.2687075e-01   2.3625336e+01
   4.2000000e+00   1.2464175e-01   2.3782817e+01
   4.3000000e+00   1.2247565e-01   2.3939174e+01
   4.4000000e+00   1.2037134e-01   2.4095352e+01
   4.5000000e+00   1.1832497e-01   2.4250525e+01
   4.6000000e+00   1.1633473e-01   2.4405330e+01
   4.7000000e+00   1.1439861e-01   2.4559594e+01
   4.8000000e+00   1.1251389e-01   2.4713128e+01
   4.9000000e+00   1.1067943e-01   2.4866219e+01
   5.0000000e+00   1.0889296e-01   2.5019140e+01
   5.1000000e+00   1.0715214e-01   2.5171213e+01
   5.2000000e+00   1.0545548e-01   2.5323026e+01
   5.3000000e+00   1.0380154e-01   2.5474144e+01
   5.4000000e+00   1.0218920e-01   2.5625326e+01
   5.5000000e+00   1.0061597e-01   2.5775649e+01
   5.6000000e+00   9.9081281e-02   2.5926007e+01
   5.7000000e+00   9.7582892e-02   2.6075544e+01
   5.8000000e+00   9.6121055e-02   2.6225206e+01
   5.9000000e+00   9.4692847e-02   2.6374417e+01
   6.0000000e+00   9.3297811e-02   2.6523042e+01
