100.00                   2.4199E-13               1.3642E-13               3.7841E-13
200.00                   2.4214E-13               1.3650E-13               3.7864E-13
300.00                   2.4238E-13               1.3664E-13               3.7902E-13
400.00                   2.4272E-13               1.3683E-13               3.7955E-13
500.00                   2.4316E-13               1.3708E-13               3.8024E-13
600.00                   2.4370E-13               1.3739E-13               3.8109E-13
700.00                   2.4434E-13               1.3775E-13               3.8210E-13
800.00                   2.4509E-13               1.3817E-13               3.8326E-13
900.00                   2.4594E-13               1.3865E-13               3.8459E-13
1000.0                   2.4690E-13               1.3920E-13               3.8609E-13
1100.0                   2.4796E-13               1.3980E-13               3.8776E-13
1200.0                   2.4914E-13               1.4047E-13               3.8961E-13
1300.0                   2.5044E-13               1.4120E-13               3.9164E-13
1400.0                   2.5185E-13               1.4200E-13               3.9385E-13
1500.0                   2.5338E-13               1.4287E-13               3.9625E-13
1600.0                   2.5505E-13               1.4381E-13               3.9886E-13
1700.0                   2.5684E-13               1.4482E-13               4.0167E-13
1800.0                   2.5877E-13               1.4592E-13               4.0469E-13
1900.0                   2.6084E-13               1.4709E-13               4.0793E-13
2000.0                   2.6306E-13               1.4835E-13               4.1141E-13
2100.0                   2.6544E-13               1.4969E-13               4.1513E-13
2200.0                   2.6798E-13               1.5113E-13               4.1910E-13
2300.0                   2.7068E-13               1.5266E-13               4.2335E-13
2400.0                   2.7357E-13               1.5430E-13               4.2787E-13
2500.0                   2.7665E-13               1.5604E-13               4.3269E-13
2600.0                   2.7993E-13               1.5789E-13               4.3782E-13
2700.0                   2.8342E-13               1.5987E-13               4.4328E-13
2800.0                   2.8713E-13               1.6197E-13               4.4910E-13
2900.0                   2.9108E-13               1.6421E-13               4.5529E-13
3000.0                   2.9529E-13               1.6659E-13               4.6188E-13
3100.0                   2.9978E-13               1.6913E-13               4.6890E-13
3200.0                   3.0455E-13               1.7183E-13               4.7638E-13
3300.0                   3.0964E-13               1.7471E-13               4.8434E-13
3400.0                   3.1506E-13               1.7778E-13               4.9284E-13
3500.0                   3.2085E-13               1.8106E-13               5.0191E-13
3600.0                   3.2704E-13               1.8456E-13               5.1159E-13
3700.0                   3.3365E-13               1.8830E-13               5.2195E-13
3800.0                   3.4072E-13               1.9231E-13               5.3303E-13
3900.0                   3.4831E-13               1.9660E-13               5.4491E-13
4000.0                   3.5645E-13               2.0121E-13               5.5766E-13
4100.0                   3.6521E-13               2.0616E-13               5.7137E-13
4200.0                   3.7464E-13               2.1150E-13               5.8614E-13
4300.0                   3.8481E-13               2.1726E-13               6.0207E-13
4400.0                   3.9581E-13               2.2349E-13               6.1930E-13
4500.0                   4.0774E-13               2.3024E-13               6.3798E-13
4600.0                   4.2070E-13               2.3757E-13               6.5828E-13
4700.0                   4.3483E-13               2.4557E-13               6.8040E-13
4800.0                   4.5028E-13               2.5431E-13               7.0459E-13
4900.0                   4.6723E-13               2.6391E-13               7.3113E-13
5000.0                   4.8589E-13               2.7447E-13               7.6036E-13
5100.0                   5.0654E-13               2.8616E-13               7.9270E-13
5200.0                   5.2948E-13               2.9915E-13               8.2863E-13
5300.0                   5.5512E-13               3.1366E-13               8.6878E-13
5400.0                   5.8393E-13               3.2996E-13               9.1390E-13
5500.0                   6.1653E-13               3.4842E-13               9.6495E-13
5600.0                   6.5370E-13               3.6945E-13               1.0231E-12
5700.0                   6.9644E-13               3.9364E-13               1.0901E-12
5800.0                   7.4608E-13               4.2175E-13               1.1678E-12
5900.0                   8.0443E-13               4.5477E-13               1.2592E-12
6000.0                   8.7395E-13               4.9412E-13               1.3681E-12
6100.0                   9.5815E-13               5.4178E-13               1.4999E-12
6200.0                   1.0622E-12               6.0066E-13               1.6628E-12
6300.0                   1.1939E-12               6.7523E-13               1.8692E-12
6400.0                   1.3661E-12               7.7268E-13               2.1388E-12
6500.0                   1.6005E-12               9.0538E-13               2.5059E-12
6600.0                   1.9384E-12               1.0966E-12               3.0350E-12
6700.0                   2.4671E-12               1.3959E-12               3.8630E-12
6800.0                   3.4118E-12               1.9306E-12               5.3424E-12
6900.0                   5.5805E-12               3.1581E-12               8.7386E-12
7000.0                   1.5718E-11               8.8959E-12               2.4613E-11
7100.0                   1.8649E-11               1.0557E-11               2.9206E-11
7200.0                   5.7959E-12               3.2811E-12               9.0770E-12
7300.0                   3.4115E-12               1.9316E-12               5.3431E-12
7400.0                   2.4074E-12               1.3632E-12               3.7706E-12
7500.0                   1.8542E-12               1.0501E-12               2.9043E-12
7600.0                   1.5040E-12               8.5182E-13               2.3558E-12
7700.0                   1.2623E-12               7.1505E-13               1.9774E-12
7800.0                   1.0856E-12               6.1503E-13               1.7006E-12
7900.0                   9.5079E-13               5.3872E-13               1.4895E-12
8000.0                   8.4456E-13               4.7859E-13               1.3231E-12
8100.0                   7.5871E-13               4.3000E-13               1.1887E-12
8200.0                   6.8792E-13               3.8993E-13               1.0778E-12
8300.0                   6.2854E-13               3.5632E-13               9.8486E-13
8400.0                   5.7804E-13               3.2774E-13               9.0578E-13
8500.0                   5.3457E-13               3.0313E-13               8.3771E-13
8600.0                   4.9677E-13               2.8173E-13               7.7851E-13
8700.0                   4.6360E-13               2.6296E-13               7.2656E-13
8800.0                   4.3427E-13               2.4636E-13               6.8063E-13
8900.0                   4.0815E-13               2.3157E-13               6.3972E-13
9000.0                   3.8474E-13               2.1832E-13               6.0306E-13
9100.0                   3.6365E-13               2.0639E-13               5.7004E-13
9200.0                   3.4455E-13               1.9558E-13               5.4013E-13
9300.0                   3.2718E-13               1.8574E-13               5.1293E-13
9400.0                   3.1132E-13               1.7676E-13               4.8808E-13
9500.0                   2.9677E-13               1.6853E-13               4.6530E-13
9600.0                   2.8339E-13               1.6096E-13               4.4434E-13
9700.0                   2.7104E-13               1.5396E-13               4.2500E-13
9800.0                   2.5960E-13               1.4749E-13               4.0710E-13
9900.0                   2.4899E-13               1.4149E-13               3.9048E-13
10000                    2.3912E-13               1.3590E-13               3.7501E-13
