100.00                   2.1200E-13               1.1508E-13               3.2709E-13
200.00                   2.1212E-13               1.1515E-13               3.2727E-13
300.00                   2.1232E-13               1.1525E-13               3.2757E-13
400.00                   2.1259E-13               1.1540E-13               3.2799E-13
500.00                   2.1294E-13               1.1559E-13               3.2853E-13
600.00                   2.1337E-13               1.1583E-13               3.2920E-13
700.00                   2.1388E-13               1.1611E-13               3.2999E-13
800.00                   2.1448E-13               1.1643E-13               3.3091E-13
900.00                   2.1516E-13               1.1680E-13               3.3196E-13
1000.0                   2.1592E-13               1.1722E-13               3.3314E-13
1100.0                   2.1677E-13               1.1768E-13               3.3445E-13
1200.0                   2.1771E-13               1.1819E-13               3.3590E-13
1300.0                   2.1874E-13               1.1875E-13               3.3749E-13
1400.0                   2.1986E-13               1.1936E-13               3.3922E-13
1500.0                   2.2107E-13               1.2003E-13               3.4110E-13
1600.0                   2.2239E-13               1.2075E-13               3.4314E-13
1700.0                   2.2381E-13               1.2152E-13               3.4533E-13
1800.0                   2.2534E-13               1.2235E-13               3.4769E-13
1900.0                   2.2697E-13               1.2324E-13               3.5021E-13
2000.0                   2.2872E-13               1.2420E-13               3.5292E-13
2100.0                   2.3059E-13               1.2522E-13               3.5580E-13
2200.0                   2.3258E-13               1.2630E-13               3.5888E-13
2300.0                   2.3470E-13               1.2746E-13               3.6216E-13
2400.0                   2.3696E-13               1.2869E-13               3.6565E-13
2500.0                   2.3936E-13               1.3000E-13               3.6937E-13
2600.0                   2.4192E-13               1.3139E-13               3.7331E-13
2700.0                   2.4463E-13               1.3287E-13               3.7750E-13
2800.0                   2.4750E-13               1.3444E-13               3.8194E-13
2900.0                   2.5056E-13               1.3611E-13               3.8667E-13
3000.0                   2.5380E-13               1.3787E-13               3.9168E-13
3100.0                   2.5724E-13               1.3975E-13               3.9699E-13
3200.0                   2.6090E-13               1.4174E-13               4.0264E-13
3300.0                   2.6478E-13               1.4386E-13               4.0864E-13
3400.0                   2.6890E-13               1.4611E-13               4.1501E-13
3500.0                   2.7329E-13               1.4850E-13               4.2178E-13
3600.0                   2.7795E-13               1.5104E-13               4.2899E-13
3700.0                   2.8291E-13               1.5375E-13               4.3666E-13
3800.0                   2.8820E-13               1.5663E-13               4.4483E-13
3900.0                   2.9383E-13               1.5970E-13               4.5354E-13
4000.0                   2.9985E-13               1.6298E-13               4.6283E-13
4100.0                   3.0628E-13               1.6649E-13               4.7277E-13
4200.0                   3.1317E-13               1.7024E-13               4.8341E-13
4300.0                   3.2054E-13               1.7427E-13               4.9481E-13
4400.0                   3.2847E-13               1.7859E-13               5.0705E-13
4500.0                   3.3698E-13               1.8323E-13               5.2021E-13
4600.0                   3.4616E-13               1.8824E-13               5.3440E-13
4700.0                   3.5608E-13               1.9364E-13               5.4972E-13
4800.0                   3.6681E-13               1.9949E-13               5.6630E-13
4900.0                   3.7845E-13               2.0584E-13               5.8430E-13
5000.0                   3.9113E-13               2.1275E-13               6.0388E-13
5100.0                   4.0497E-13               2.2030E-13               6.2527E-13
5200.0                   4.2012E-13               2.2856E-13               6.4869E-13
5300.0                   4.3679E-13               2.3765E-13               6.7445E-13
5400.0                   4.5520E-13               2.4769E-13               7.0289E-13
5500.0                   4.7561E-13               2.5882E-13               7.3443E-13
5600.0                   4.9838E-13               2.7123E-13               7.6961E-13
5700.0                   5.2390E-13               2.8515E-13               8.0906E-13
5800.0                   5.5272E-13               3.0087E-13               8.5358E-13
5900.0                   5.8548E-13               3.1873E-13               9.0421E-13
6000.0                   6.2305E-13               3.3921E-13               9.6226E-13
6100.0                   6.6653E-13               3.6293E-13               1.0295E-12
6200.0                   7.1744E-13               3.9068E-13               1.1081E-12
6300.0                   7.7781E-13               4.2361E-13               1.2014E-12
6400.0                   8.5054E-13               4.6326E-13               1.3138E-12
6500.0                   9.3980E-13               5.1193E-13               1.4517E-12
6600.0                   1.0519E-12               5.7306E-13               1.6250E-12
6700.0                   1.1969E-12               6.5211E-13               1.8490E-12
6800.0                   1.3916E-12               7.5826E-13               2.1498E-12
6900.0                   1.6667E-12               9.0828E-13               2.5749E-12
7000.0                   2.0849E-12               1.1363E-12               3.2212E-12
7100.0                   2.7969E-12               1.5246E-12               4.3215E-12
7200.0                   4.2792E-12               2.3328E-12               6.6120E-12
7300.0                   9.2502E-12               5.0434E-12               1.4294E-11
7400.0                   5.2028E-11               2.8370E-11               8.0399E-11
7500.0                   6.7437E-12               3.6777E-12               1.0421E-11
7600.0                   3.5830E-12               1.9542E-12               5.5372E-12
7700.0                   2.4293E-12               1.3251E-12               3.7544E-12
7800.0                   1.8317E-12               9.9930E-13               2.8310E-12
7900.0                   1.4663E-12               8.0007E-13               2.2664E-12
8000.0                   1.2199E-12               6.6569E-13               1.8856E-12
8100.0                   1.0424E-12               5.6894E-13               1.6114E-12
8200.0                   9.0863E-13               4.9598E-13               1.4046E-12
8300.0                   8.0414E-13               4.3900E-13               1.2431E-12
8400.0                   7.2029E-13               3.9328E-13               1.1136E-12
8500.0                   6.5154E-13               3.5579E-13               1.0073E-12
8600.0                   5.9415E-13               3.2449E-13               9.1864E-13
8700.0                   5.4553E-13               2.9798E-13               8.4351E-13
8800.0                   5.0382E-13               2.7524E-13               7.7906E-13
8900.0                   4.6766E-13               2.5552E-13               7.2318E-13
9000.0                   4.3600E-13               2.3826E-13               6.7427E-13
9100.0                   4.0807E-13               2.2303E-13               6.3110E-13
9200.0                   3.8325E-13               2.0950E-13               5.9274E-13
9300.0                   3.6104E-13               1.9739E-13               5.5843E-13
9400.0                   3.4106E-13               1.8649E-13               5.2756E-13
9500.0                   3.2300E-13               1.7664E-13               4.9964E-13
9600.0                   3.0659E-13               1.6769E-13               4.7428E-13
9700.0                   2.9161E-13               1.5953E-13               4.5114E-13
9800.0                   2.7790E-13               1.5205E-13               4.2995E-13
9900.0                   2.6529E-13               1.4518E-13               4.1047E-13
10000                    2.5367E-13               1.3884E-13               3.9250E-13
