100.00                   2.4200E-13               1.3642E-13               3.7843E-13
200.00                   2.4215E-13               1.3650E-13               3.7865E-13
300.00                   2.4239E-13               1.3664E-13               3.7903E-13
400.00                   2.4274E-13               1.3683E-13               3.7957E-13
500.00                   2.4318E-13               1.3708E-13               3.8026E-13
600.00                   2.4372E-13               1.3739E-13               3.8111E-13
700.00                   2.4436E-13               1.3775E-13               3.8211E-13
800.00                   2.4510E-13               1.3818E-13               3.8328E-13
900.00                   2.4595E-13               1.3866E-13               3.8461E-13
1000.0                   2.4691E-13               1.3920E-13               3.8611E-13
1100.0                   2.4798E-13               1.3980E-13               3.8778E-13
1200.0                   2.4916E-13               1.4047E-13               3.8963E-13
1300.0                   2.5045E-13               1.4120E-13               3.9165E-13
1400.0                   2.5186E-13               1.4200E-13               3.9387E-13
1500.0                   2.5340E-13               1.4287E-13               3.9627E-13
1600.0                   2.5506E-13               1.4381E-13               3.9887E-13
1700.0                   2.5686E-13               1.4483E-13               4.0168E-13
1800.0                   2.5879E-13               1.4592E-13               4.0470E-13
1900.0                   2.6086E-13               1.4709E-13               4.0795E-13
2000.0                   2.6308E-13               1.4835E-13               4.1143E-13
2100.0                   2.6545E-13               1.4969E-13               4.1515E-13
2200.0                   2.6799E-13               1.5113E-13               4.1912E-13
2300.0                   2.7070E-13               1.5266E-13               4.2336E-13
2400.0                   2.7359E-13               1.5430E-13               4.2789E-13
2500.0                   2.7667E-13               1.5604E-13               4.3271E-13
2600.0                   2.7994E-13               1.5789E-13               4.3784E-13
2700.0                   2.8343E-13               1.5987E-13               4.4330E-13
2800.0                   2.8715E-13               1.6197E-13               4.4912E-13
2900.0                   2.9110E-13               1.6421E-13               4.5531E-13
3000.0                   2.9531E-13               1.6659E-13               4.6190E-13
3100.0                   2.9979E-13               1.6913E-13               4.6892E-13
3200.0                   3.0457E-13               1.7183E-13               4.7640E-13
3300.0                   3.0966E-13               1.7471E-13               4.8437E-13
3400.0                   3.1508E-13               1.7778E-13               4.9286E-13
3500.0                   3.2087E-13               1.8106E-13               5.0193E-13
3600.0                   3.2706E-13               1.8456E-13               5.1161E-13
3700.0                   3.3367E-13               1.8830E-13               5.2197E-13
3800.0                   3.4075E-13               1.9231E-13               5.3305E-13
3900.0                   3.4833E-13               1.9660E-13               5.4493E-13
4000.0                   3.5648E-13               2.0121E-13               5.5769E-13
4100.0                   3.6523E-13               2.0617E-13               5.7140E-13
4200.0                   3.7466E-13               2.1150E-13               5.8616E-13
4300.0                   3.8483E-13               2.1726E-13               6.0210E-13
4400.0                   3.9584E-13               2.2349E-13               6.1933E-13
4500.0                   4.0777E-13               2.3024E-13               6.3801E-13
4600.0                   4.2073E-13               2.3758E-13               6.5831E-13
4700.0                   4.3486E-13               2.4557E-13               6.8043E-13
4800.0                   4.5031E-13               2.5432E-13               7.0462E-13
4900.0                   4.6726E-13               2.6391E-13               7.3117E-13
5000.0                   4.8592E-13               2.7448E-13               7.6040E-13
5100.0                   5.0657E-13               2.8616E-13               7.9273E-13
5200.0                   5.2952E-13               2.9915E-13               8.2867E-13
5300.0                   5.5516E-13               3.1366E-13               8.6882E-13
5400.0                   5.8397E-13               3.2997E-13               9.1394E-13
5500.0                   6.1657E-13               3.4842E-13               9.6500E-13
5600.0                   6.5374E-13               3.6946E-13               1.0232E-12
5700.0                   6.9649E-13               3.9365E-13               1.0901E-12
5800.0                   7.4614E-13               4.2176E-13               1.1679E-12
5900.0                   8.0449E-13               4.5478E-13               1.2593E-12
6000.0                   8.7401E-13               4.9413E-13               1.3681E-12
6100.0                   9.5822E-13               5.4180E-13               1.5000E-12
6200.0                   1.0623E-12               6.0068E-13               1.6629E-12
6300.0                   1.1940E-12               6.7526E-13               1.8693E-12
6400.0                   1.3662E-12               7.7271E-13               2.1389E-12
6500.0                   1.6007E-12               9.0542E-13               2.5061E-12
6600.0                   1.9386E-12               1.0967E-12               3.0352E-12
6700.0                   2.4674E-12               1.3960E-12               3.8633E-12
6800.0                   3.4123E-12               1.9308E-12               5.3430E-12
6900.0                   5.5815E-12               3.1585E-12               8.7400E-12
7000.0                   1.5724E-11               8.8991E-12               2.4623E-11
7100.0                   1.8643E-11               1.0552E-11               2.9195E-11
7200.0                   5.7955E-12               3.2807E-12               9.0762E-12
7300.0                   3.4115E-12               1.9314E-12               5.3429E-12
7400.0                   2.4074E-12               1.3631E-12               3.7706E-12
7500.0                   1.8542E-12               1.0500E-12               2.9043E-12
7600.0                   1.5040E-12               8.5180E-13               2.3558E-12
7700.0                   1.2624E-12               7.1504E-13               1.9774E-12
7800.0                   1.0856E-12               6.1502E-13               1.7007E-12
7900.0                   9.5082E-13               5.3871E-13               1.4895E-12
8000.0                   8.4459E-13               4.7858E-13               1.3232E-12
8100.0                   7.5874E-13               4.2999E-13               1.1887E-12
8200.0                   6.8794E-13               3.8992E-13               1.0779E-12
8300.0                   6.2857E-13               3.5632E-13               9.8488E-13
8400.0                   5.7806E-13               3.2773E-13               9.0580E-13
8500.0                   5.3460E-13               3.0313E-13               8.3773E-13
8600.0                   4.9679E-13               2.8173E-13               7.7853E-13
8700.0                   4.6362E-13               2.6296E-13               7.2658E-13
8800.0                   4.3429E-13               2.4636E-13               6.8065E-13
8900.0                   4.0817E-13               2.3157E-13               6.3974E-13
9000.0                   3.8476E-13               2.1832E-13               6.0308E-13
9100.0                   3.6367E-13               2.0639E-13               5.7005E-13
9200.0                   3.4457E-13               1.9558E-13               5.4015E-13
9300.0                   3.2720E-13               1.8575E-13               5.1294E-13
9400.0                   3.1133E-13               1.7676E-13               4.8810E-13
9500.0                   2.9678E-13               1.6853E-13               4.6532E-13
9600.0                   2.8340E-13               1.6096E-13               4.4436E-13
9700.0                   2.7105E-13               1.5396E-13               4.2501E-13
9800.0                   2.5961E-13               1.4749E-13               4.0711E-13
9900.0                   2.4900E-13               1.4149E-13               3.9049E-13
10000                    2.3913E-13               1.3590E-13               3.7502E-13
