  -2.3294477e-01   4.4843096e+00  -8.4862539e-01   5.6528027e+00  -8.4862539e-01   5.6528027e+00  -8.4862539e-01   5.6528027e+00  -8.4862539e-01   5.6528027e+00  -8.4862539e-01   5.6528027e+00  -8.4899151e-01   5.6533870e+00  -8.4938148e-01   5.6539849e+00  -8.4938148e-01   5.6539849e+00  -8.4938148e-01   5.6539849e+00  -8.4928528e-01   5.6538290e+00
  -4.2029701e-01   4.7009245e+00  -8.3577777e-01   5.7328462e+00  -8.4899603e-01   5.6553332e+00  -8.4909420e-01   5.6551941e+00  -8.4938148e-01   5.6539849e+00  -8.4938148e-01   5.6539849e+00  -8.4938148e-01   5.6539849e+00  -8.4938150e-01   5.6539849e+00  -8.4938150e-01   5.6539849e+00  -8.4938150e-01   5.6539849e+00  -8.4938151e-01   5.6539849e+00
  -3.9535882e-01   4.7658743e+00  -8.0572752e-01   6.0334799e+00  -8.1855268e-01   5.9456432e+00  -8.4885995e-01   5.6552430e+00  -8.4282130e-01   5.7438085e+00  -8.1299249e-01   6.0761006e+00  -8.4938150e-01   5.6539849e+00  -8.4938151e-01   5.6539849e+00  -8.4938151e-01   5.6539849e+00  -8.4938151e-01   5.6539849e+00  -8.4942342e-01   5.6544137e+00
  -3.9535890e-01   4.7658746e+00  -8.2308413e-01   6.0654046e+00  -8.2302853e-01   6.0649853e+00  -8.1228875e-01   5.9689459e+00  -8.1228875e-01   5.9689459e+00  -7.8768566e-01   6.1540921e+00  -8.4938151e-01   5.6539849e+00  -8.4940417e-01   5.6545315e+00  -8.4940618e-01   5.6544233e+00  -8.4942342e-01   5.6544137e+00  -8.4945609e-01   5.6544310e+00
  -4.5145245e-01   4.8125617e+00  -8.0515524e-01   6.0820795e+00  -8.2307829e-01   6.0652377e+00  -8.0313373e-01   6.2073249e+00  -8.2507211e-01   5.9735119e+00  -7.9137980e-01   6.1824152e+00  -8.4940417e-01   5.6545315e+00  -8.4940420e-01   5.6545315e+00  -8.4940417e-01   5.6545315e+00  -8.4943201e-01   5.6545015e+00  -8.4943201e-01   5.6545015e+00
  -4.5195252e-01   4.8141553e+00  -7.9757350e-01   6.3000226e+00  -7.9602843e-01   6.2536060e+00  -7.6763188e-01   6.3161555e+00  -8.2511792e-01   5.9735489e+00  -7.6763188e-01   6.3161555e+00  -8.3491731e-01   5.8271588e+00  -8.3067574e-01   5.8087686e+00  -8.1787815e-01   5.8967746e+00  -8.3188044e-01   5.7879486e+00  -8.4943735e-01   5.6545677e+00
  -4.5195250e-01   4.8141553e+00  -7.8014180e-01   6.3311385e+00  -7.9765791e-01   6.2607845e+00  -7.6765203e-01   6.3163374e+00  -8.0337388e-01   6.0391803e+00  -7.6028803e-01   6.3768928e+00  -8.1765126e-01   5.9051729e+00  -7.8824585e-01   6.1359615e+00  -7.9343241e-01   6.0985175e+00  -7.9343241e-01   6.0985175e+00  -8.1652718e-01   5.9053026e+00
  -4.5169065e-01   4.8142188e+00  -7.7020611e-01   6.3447619e+00  -7.5655521e-01   6.3876029e+00  -7.5637176e-01   6.4918171e+00  -7.6763188e-01   6.3161555e+00  -7.5369810e-01   6.4826123e+00  -8.2601996e-01   5.9318092e+00  -7.8825314e-01   6.1359934e+00  -7.8828180e-01   6.1355937e+00  -7.9343243e-01   6.0985175e+00  -7.8351436e-01   6.1394741e+00
  -5.0767821e-01   4.9671861e+00  -7.8303946e-01   6.4154267e+00  -7.7635624e-01   6.4165056e+00  -7.4117135e-01   6.6325784e+00  -7.7181325e-01   6.3448933e+00  -7.0684543e-01   6.6940779e+00  -8.1299249e-01   6.0761006e+00  -7.7444023e-01   6.2982937e+00  -7.6073820e-01   6.3822029e+00  -7.9348002e-01   6.0986874e+00  -7.8562973e-01   6.1696645e+00
  -5.0767822e-01   4.9671861e+00  -7.8303947e-01   6.4154267e+00  -7.6337702e-01   6.5721143e+00  -7.4491700e-01   6.7121623e+00  -7.4491700e-01   6.7121623e+00  -7.3625742e-01   6.7139948e+00  -7.8101306e-01   6.1966329e+00  -7.2830135e-01   6.5327727e+00  -7.6486879e-01   6.3857939e+00  -7.7142817e-01   6.2833179e+00  -7.7128603e-01   6.2428715e+00
  -5.0767823e-01   4.9671861e+00  -7.8326337e-01   6.4155377e+00  -7.2062278e-01   6.6511657e+00  -7.0946080e-01   6.7643839e+00  -7.1877703e-01   6.7562173e+00  -7.1913792e-01   6.9414036e+00  -7.9629781e-01   6.2039497e+00  -7.2613088e-01   6.6051745e+00  -7.6489074e-01   6.3860739e+00  -7.4668969e-01   6.4188309e+00  -7.1789504e-01   6.6549884e+00
  -2.1308478e-01   5.0249282e+00  -7.3793510e-01   6.6288615e+00  -7.3515938e-01   6.7081828e+00  -7.1968264e-01   6.8530630e+00  -7.1916554e-01   6.9419865e+00  -6.6894611e-01   6.9575823e+00  -7.7542617e-01   6.3376209e+00  -7.3498237e-01   6.6768308e+00  -7.3766305e-01   6.5311203e+00  -7.1157058e-01   6.6784605e+00  -7.2228241e-01   6.7131887e+00
  -5.7301885e-01   5.1951027e+00  -7.1702138e-01   6.9317245e+00  -6.9738240e-01   6.9164222e+00  -7.2637376e-01   6.8734913e+00  -6.6894611e-01   6.9575823e+00  -6.7233065e-01   6.9621158e+00  -7.2613088e-01   6.6051745e+00  -7.1071821e-01   6.8390995e+00  -7.1157058e-01   6.6784605e+00  -6.8581963e-01   6.8694483e+00  -7.2459742e-01   6.7409250e+00
  -1.3934030e-01   6.0159068e+00  -6.9007368e-01   7.0526498e+00  -7.0300049e-01   7.1199254e+00  -7.1075876e-01   6.9976221e+00  -6.6545347e-01   7.1283650e+00  -6.7935082e-01   7.0718634e+00  -7.2760443e-01   6.6143313e+00  -6.8220363e-01   6.8956359e+00  -7.0216023e-01   6.8747942e+00  -7.0355607e-01   6.8890285e+00  -6.9736121e-01   7.0667768e+00
  -7.0646679e-02   6.1998203e+00  -6.9315739e-01   7.0765642e+00  -6.6125720e-01   7.1452061e+00  -6.9401381e-01   7.1334399e+00  -6.8667242e-01   7.1564069e+00  -7.0126787e-01   7.1032036e+00  -7.0711534e-01   6.7929612e+00  -6.8208249e-01   6.8961480e+00  -6.8220363e-01   6.8956359e+00  -6.8333966e-01   7.0237366e+00  -6.8674397e-01   7.0820964e+00
  -7.8303946e-01   6.4154267e+00  -7.0249715e-01   7.1034658e+00  -6.7654849e-01   7.2645521e+00  -6.7334746e-01   7.3432800e+00  -6.5990062e-01   7.3392805e+00  -6.5944225e-01   7.1063015e+00  -7.1922183e-01   6.9411631e+00  -7.0622153e-01   6.9343662e+00  -6.5936891e-01   7.0914633e+00  -6.8939298e-01   7.0560097e+00  -6.8678267e-01   7.1943900e+00
  -7.8303947e-01   6.4154267e+00  -7.0567597e-01   7.1312103e+00  -6.7662725e-01   7.2645589e+00  -6.7349613e-01   7.3626655e+00  -6.7543507e-01   7.3749524e+00  -6.4524899e-01   7.2192506e+00  -6.7500356e-01   7.0994133e+00  -7.1927574e-01   6.9408568e+00  -6.7330171e-01   7.2094649e+00  -6.8674397e-01   7.0820964e+00  -6.3977923e-01   7.4792834e+00
  -7.8417768e-01   6.4164097e+00  -6.2778248e-01   7.1896781e+00  -6.7789185e-01   7.2734863e+00  -6.4906419e-01   7.4863341e+00  -6.4622647e-01   7.6179139e+00  -6.0441987e-01   7.5200636e+00  -6.4522055e-01   7.2188798e+00  -7.1216742e-01   6.9986622e+00  -6.7738641e-01   7.2964450e+00  -6.8675075e-01   7.0821618e+00  -6.3688369e-01   7.6231280e+00
  -1.1442430e-01   6.4620335e+00  -6.7820947e-01   7.3621887e+00  -6.7810319e-01   7.3620742e+00  -5.7495318e-01   7.7508386e+00  -6.4138510e-01   7.6334611e+00  -6.5319095e-01   7.5451440e+00  -6.6873825e-01   7.2921200e+00  -7.0274659e-01   7.0950508e+00  -6.3905253e-01   7.5019803e+00  -6.8678267e-01   7.1943900e+00  -6.0572879e-01   7.6598571e+00
  -1.1395978e-01   6.4693733e+00  -6.3547856e-01   7.5829606e+00  -6.4629861e-01   7.5459829e+00  -6.1039140e-01   7.8559973e+00  -6.4188514e-01   7.6738699e+00  -6.2790261e-01   7.6235775e+00  -6.0441987e-01   7.5200636e+00  -6.6631644e-01   7.1437969e+00  -6.4797055e-01   7.5338315e+00  -6.4415199e-01   7.3192773e+00  -5.7854986e-01   7.7510075e+00
  -1.1743547e-01   6.6592189e+00  -6.4873542e-01   7.6648122e+00  -6.3238151e-01   7.6151598e+00  -6.1596813e-01   8.0538450e+00  -6.4220971e-01   7.6867007e+00  -6.3480837e-01   7.7211369e+00  -6.2071941e-01   7.5742316e+00  -6.6873825e-01   7.2921200e+00  -6.3132176e-01   7.5738883e+00  -6.2697792e-01   7.3726879e+00  -6.0871152e-01   7.7908169e+00
  -2.5111874e-01   6.7968719e+00  -6.4129660e-01   7.7179722e+00  -5.9959537e-01   7.7657372e+00  -5.3679751e-01   8.1273944e+00  -5.8663257e-01   7.7085814e+00  -5.8673683e-01   7.8713347e+00  -6.2790261e-01   7.6235775e+00  -6.4405095e-01   7.4389466e+00  -6.3746926e-01   7.6566021e+00  -6.6501752e-01   7.3820333e+00  -6.1800217e-01   7.8425366e+00
  -5.8819063e-02   7.0102640e+00  -5.9959537e-01   7.7657372e+00  -5.8584858e-01   7.8211116e+00  -5.7673534e-01   8.2197736e+00  -6.1853941e-01   7.9491801e+00  -5.9543054e-01   7.9776296e+00  -6.0936003e-01   7.8353167e+00  -6.4884916e-01   7.4565221e+00  -6.0939686e-01   7.7828600e+00  -6.3668926e-01   7.6216613e+00  -5.6497408e-01   7.9303046e+00
  -2.8107608e-01   7.3646216e+00  -5.7368019e-01   8.0907910e+00  -6.3677594e-01   7.8360902e+00  -5.8641686e-01   8.2524049e+00  -5.7954975e-01   7.9897406e+00  -6.0091417e-01   8.0493497e+00  -6.1883519e-01   7.9476945e+00  -6.5746332e-01   7.4702510e+00  -6.0559050e-01   7.8818833e+00  -6.3688369e-01   7.6231280e+00  -5.9235929e-01   8.0000277e+00
  -2.8107608e-01   7.3646217e+00  -5.9584333e-01   8.2450153e+00  -6.0199322e-01   7.9610707e+00  -5.7723885e-01   8.5433525e+00  -5.4546419e-01   8.1404173e+00  -5.7217551e-01   8.1127175e+00  -5.5792107e-01   7.9562569e+00  -6.2269639e-01   7.6929058e+00  -5.6179771e-01   7.9116113e+00  -5.6255003e-01   7.8888324e+00  -5.6553562e-01   8.0654995e+00
  -1.5012129e-02   7.3695434e+00  -5.7405445e-01   8.4223566e+00  -6.1610889e-01   8.0539686e+00  -5.7219051e-01   8.5589647e+00  -5.7104446e-01   8.2322880e+00  -5.6376015e-01   8.1307243e+00  -5.8893682e-01   7.9646713e+00  -6.2555060e-01   7.7354029e+00  -5.7566659e-01   8.0057508e+00  -6.0128707e-01   7.9208620e+00  -5.8034928e-01   8.1684035e+00
  -2.0813857e-01   7.6248317e+00  -5.7546092e-01   8.4820337e+00  -5.5588100e-01   8.0583868e+00  -5.3540355e-01   8.6281378e+00  -5.8636741e-01   8.2523346e+00  -5.8523438e-01   8.1666975e+00  -5.5262852e-01   8.0205858e+00  -6.2840310e-01   7.7457947e+00  -5.7607959e-01   8.1094367e+00  -5.5854460e-01   8.1962004e+00  -5.4831713e-01   8.2372100e+00
  -2.6012012e-01   8.2303804e+00  -5.7682050e-01   8.4916109e+00  -5.4951624e-01   8.1089143e+00  -5.4383621e-01   8.6817150e+00  -5.8022174e-01   8.2832231e+00  -5.4819223e-01   8.1984201e+00  -5.4819223e-01   8.1984201e+00  -5.5788824e-01   7.9562077e+00  -5.5262751e-01   8.2240113e+00  -5.5062845e-01   8.3428743e+00  -5.7238854e-01   8.2654455e+00
  -5.4800046e-01   8.5279379e+00  -5.6877852e-01   8.5019069e+00  -5.7673534e-01   8.2197736e+00  -5.1534519e-01   8.7941977e+00  -5.3111624e-01   8.5376129e+00  -5.7796983e-01   8.2078702e+00  -5.7569586e-01   8.2028343e+00  -5.9568077e-01   8.0574366e+00  -5.6022278e-01   8.4968157e+00  -5.3800107e-01   8.3430612e+00  -5.7239765e-01   8.2669922e+00
  -5.4800046e-01   8.5279379e+00  -4.8848695e-01   8.5501939e+00  -5.5146239e-01   8.3553675e+00  -5.4738171e-01   8.8089725e+00  -5.5812739e-01   8.5402059e+00  -5.8165148e-01   8.3263799e+00  -5.5850501e-01   8.2061017e+00  -5.3308876e-01   8.1874591e+00  -5.1002540e-01   8.5434721e+00  -5.4706287e-01   8.3531873e+00  -5.1505258e-01   8.4570496e+00
  -3.1064205e-01   8.9484981e+00  -5.4326928e-01   8.6016862e+00  -5.7207945e-01   8.4159514e+00  -5.3144759e-01   8.8177258e+00  -5.6783268e-01   8.5453860e+00  -5.5338796e-01   8.3780486e+00  -5.6491726e-01   8.2235380e+00  -5.6400631e-01   8.2220274e+00  -5.3820264e-01   8.6659056e+00  -5.5433695e-01   8.4949025e+00  -5.5433695e-01   8.4949026e+00
  -1.0353136e-02   9.0109634e+00  -4.2609329e-01   8.7099150e+00  -5.6736719e-01   8.5110773e+00  -5.0122615e-01   8.9388438e+00  -5.4048096e-01   8.6855836e+00  -4.9564490e-01   8.5913112e+00  -5.7644422e-01   8.3041501e+00  -5.6755927e-01   8.2576211e+00  -5.1039987e-01   8.7711881e+00  -5.2202577e-01   8.5578288e+00  -5.2633727e-01   8.5818343e+00
  -1.0353135e-02   9.0109639e+00  -5.2451093e-01   8.7121386e+00  -5.3843769e-01   8.6879459e+00  -5.1119428e-01   9.0239339e+00  -5.0369444e-01   8.7718176e+00  -5.4245115e-01   8.6008774e+00  -5.0484957e-01   8.4968464e+00  -5.0484957e-01   8.4968464e+00  -5.1983216e-01   8.8199341e+00  -5.2661873e-01   8.6269823e+00  -5.2740199e-01   8.6996076e+00
  -3.7732020e-01   9.0535947e+00  -5.6318980e-01   8.8194096e+00  -5.2463257e-01   8.7169172e+00  -4.9395765e-01   9.0385978e+00  -5.4889560e-01   8.7758024e+00  -5.4092587e-01   8.8739842e+00  -5.5286429e-01   8.4978490e+00  -5.3427268e-01   8.5455699e+00  -5.2724736e-01   8.9030538e+00  -5.1554572e-01   8.7025334e+00  -4.8471409e-01   8.7471327e+00
  -3.7732022e-01   9.0535948e+00  -5.2937832e-01   8.8210600e+00  -5.2515015e-01   8.7599224e+00  -5.2602814e-01   9.0871571e+00  -5.4092587e-01   8.8739842e+00  -4.8791719e-01   8.9393254e+00  -5.3524381e-01   8.5703301e+00  -5.3516030e-01   8.5673205e+00  -4.4596310e-01   9.0515006e+00  -4.9110624e-01   8.8610163e+00  -4.9110624e-01   8.8610163e+00
  -7.9143015e-02   9.1562296e+00  -5.4070030e-01   8.9976294e+00  -4.5310483e-01   8.7711600e+00  -5.2602815e-01   9.0871571e+00  -4.8758146e-01   8.8864363e+00  -4.8591208e-01   9.0616523e+00  -5.3866798e-01   8.5940435e+00  -5.3867955e-01   8.5939743e+00  -4.8537299e-01   9.1383775e+00  -4.9879574e-01   8.9450381e+00  -4.9828173e-01   8.9291202e+00
  -7.9143016e-02   9.1562296e+00  -3.7919252e-01   9.1678455e+00  -5.6367675e-01   8.8152946e+00  -5.2605388e-01   9.0872117e+00  -4.8855093e-01   9.0191734e+00  -4.5706085e-01   9.0638746e+00  -4.7749859e-01   8.7061983e+00  -5.3155512e-01   8.8515870e+00  -4.8537716e-01   9.1385020e+00  -4.6464055e-01   9.0367213e+00  -4.4039493e-01   9.1700762e+00
  -2.8380492e-01   9.2078676e+00  -4.7446634e-01   9.1794103e+00  -5.3536064e-01   8.8457444e+00  -4.5084710e-01   9.1978014e+00  -4.8123212e-01   9.0482952e+00  -4.4103492e-01   9.1350537e+00  -5.2722013e-01   8.9033379e+00  -5.2725045e-01   8.9030385e+00  -4.8537717e-01   9.1385021e+00  -4.4039493e-01   9.1700762e+00  -4.4808620e-01   9.1937249e+00
  -1.4738828e-01   9.2889335e+00  -4.5411875e-01   9.3507320e+00  -5.1473202e-01   9.0772554e+00  -4.8597231e-01   9.2805537e+00  -4.3385389e-01   9.2551925e+00  -4.4309527e-01   9.1480592e+00  -4.4353115e-01   9.1056797e+00  -4.9180790e-01   9.0963362e+00  -4.8537717e-01   9.1385021e+00  -4.6322704e-01   9.1981990e+00  -4.5831242e-01   9.2429785e+00
  -1.4738828e-01   9.2889335e+00  -4.5748312e-01   9.3959062e+00  -4.5259895e-01   9.2593374e+00  -4.4559430e-01   9.3169519e+00  -4.8597231e-01   9.2805537e+00  -4.5815323e-01   9.1592199e+00  -4.7026203e-01   9.1238072e+00  -4.2235021e-01   9.3277929e+00  -4.6595973e-01   9.2222422e+00  -4.4602408e-01   9.4109999e+00  -4.3335922e-01   9.3255559e+00
  -1.3823385e-01   9.3066411e+00  -3.6433316e-01   9.4163259e+00  -4.2951840e-01   9.3378087e+00  -4.2787735e-01   9.4684292e+00  -4.3839756e-01   9.3712088e+00  -4.7128496e-01   9.3073139e+00  -4.7339013e-01   9.2382797e+00  -4.5603519e-01   9.3601752e+00  -4.2235021e-01   9.3277929e+00  -4.1332555e-01   9.5085920e+00  -4.3828329e-01   9.3975175e+00
  -3.7446333e-01   9.3309290e+00  -4.1605206e-01   9.4630293e+00  -3.8807258e-01   9.5136966e+00  -4.1904720e-01   9.4718260e+00  -4.3633295e-01   9.5139954e+00  -4.3642268e-01   9.5177864e+00  -4.2706769e-01   9.3553795e+00  -4.3567163e-01   9.4724549e+00  -4.5603519e-01   9.3601752e+00  -4.1073510e-01   9.5344261e+00  -4.4351521e-01   9.4283367e+00
  -4.7887822e-02   9.4371396e+00  -3.9296154e-01   9.5839514e+00  -4.2031056e-01   9.5213174e+00  -3.8807258e-01   9.5136966e+00  -3.9601083e-01   9.6368978e+00  -3.9601083e-01   9.6368978e+00  -4.0233506e-01   9.5891958e+00  -4.0140510e-01   9.6250596e+00  -4.3133446e-01   9.5024411e+00  -4.1096858e-01   9.6568750e+00  -4.2514044e-01   9.4986782e+00
  -2.5156752e-01   9.6043894e+00  -3.7156918e-01   9.7035019e+00  -3.9449219e-01   9.6295336e+00  -3.9603181e-01   9.6374871e+00  -3.9603181e-01   9.6374871e+00  -3.9070716e-01   9.6993038e+00  -3.9601083e-01   9.6368978e+00  -3.9555948e-01   9.6422275e+00  -4.3131498e-01   9.5027437e+00  -3.7838906e-01   9.8881924e+00  -4.1073510e-01   9.5344261e+00
  -2.5156751e-01   9.6043895e+00  -3.8459047e-01   9.8491385e+00  -4.0415541e-01   9.6953167e+00  -3.8142299e-01   9.8651597e+00  -4.0328145e-01   9.7452970e+00  -3.7115816e-01   9.9219015e+00  -4.1693080e-01   9.6402705e+00  -3.7773373e-01   9.8714316e+00  -3.7838906e-01   9.8881924e+00  -3.6416424e-01   9.9998033e+00  -4.1109919e-01   9.6530542e+00
  -3.5447304e-01   9.6106202e+00  -3.6226951e-01   9.9554619e+00  -3.8178572e-01   9.8712440e+00  -3.6418951e-01   9.9985421e+00  -3.6445797e-01   9.9965102e+00  -3.6950564e-01   9.9404126e+00  -3.8400170e-01   9.8585584e+00  -3.6405513e-01   9.9963479e+00  -3.6416423e-01   9.9998033e+00  -3.6416909e-01   9.9999632e+00  -3.6468065e-01   9.9940424e+00
  -7.7258797e-02   9.8755981e+00  -3.6233552e-01   9.9583796e+00  -3.6276224e-01   9.9645232e+00  -3.6419958e-01   9.9987174e+00  -3.6393637e-01   9.9975971e+00  -3.6393637e-01   9.9975971e+00  -3.6393637e-01   9.9975971e+00  -3.6393637e-01   9.9975971e+00  -3.6416424e-01   9.9998033e+00  -3.6420285e-01   9.9999651e+00  -3.6420339e-01   9.9999808e+00
  -3.6077374e-01   9.9263156e+00  -3.6242911e-01   9.9585670e+00  -3.6358319e-01   9.9874885e+00  -3.6421966e-01   9.9988099e+00  -3.6419958e-01   9.9987174e+00  -3.6416423e-01   9.9998033e+00  -3.6416423e-01   9.9998033e+00  -3.6416423e-01   9.9998033e+00  -3.6416909e-01   9.9999632e+00  -3.6420277e-01   9.9999725e+00  -3.6420364e-01   9.9999895e+00
  -3.6077374e-01   9.9263156e+00  -3.6242911e-01   9.9585671e+00  -3.6418313e-01   9.9983968e+00  -3.6424719e-01   9.9990472e+00  -3.6416424e-01   9.9998033e+00  -3.6416424e-01   9.9998033e+00  -3.6416424e-01   9.9998033e+00  -3.6416424e-01   9.9998033e+00  -3.6420277e-01   9.9999725e+00  -3.6420364e-01   9.9999895e+00  -3.6420364e-01   9.9999895e+00
  -3.6102920e-01   9.9345543e+00  -3.6420123e-01   9.9982483e+00  -3.6418951e-01   9.9985421e+00  -3.6433714e-01   9.9995103e+00  -3.6422179e-01   9.9999543e+00  -3.6420277e-01   9.9999725e+00  -3.6420277e-01   9.9999725e+00  -3.6420277e-01   9.9999725e+00  -3.6420364e-01   9.9999895e+00  -3.6420364e-01   9.9999896e+00  -3.6420197e-01   9.9999898e+00
