   3.2323766e-01   1.0000000e+00
   8.2851102e-01   2.0000000e+00
   3.5284944e-01   3.0000000e+00
   2.0011601e-01   4.0000000e+00
   1.1428426e-01   5.0000000e+00
   1.2858360e-01   6.0000000e+00
   1.0295963e-01   7.0000000e+00
   1.3584539e-01   8.0000000e+00
   1.2141615e-01   9.0000000e+00
   7.8424100e-02   1.0000000e+01
   1.0937105e-01   1.1000000e+01
   1.0814210e-01   1.2000000e+01
   1.5977148e-01   1.3000000e+01
   1.1012071e-01   1.4000000e+01
   1.0720261e-01   1.5000000e+01
   1.1589900e-01   1.6000000e+01
   1.2556823e-01   1.7000000e+01
   1.8346850e-01   1.8000000e+01
   8.4111699e-02   1.9000000e+01
   1.1085791e-01   2.0000000e+01
   1.2036888e-01   2.1000000e+01
   1.6156176e-01   2.2000000e+01
   1.5250636e-01   2.3000000e+01
   1.2809019e-01   2.4000000e+01
   1.2015617e-01   2.5000000e+01
   1.2015133e-01   2.6000000e+01
   8.5219857e-02   2.7000000e+01
   1.3833692e-01   2.8000000e+01
   1.0555635e-01   2.9000000e+01
   1.2251961e-01   3.0000000e+01
   1.1867108e-01   3.1000000e+01
   1.8461722e-01   3.2000000e+01
   1.2804410e-01   3.3000000e+01
   9.0118249e-02   3.4000000e+01
   1.6419370e-01   3.5000000e+01
   1.6197915e-01   3.6000000e+01
   1.1891596e-01   3.7000000e+01
   1.2634849e-01   3.8000000e+01
   1.1795812e-01   3.9000000e+01
   2.2269287e-01   4.0000000e+01
   1.7393243e-01   4.1000000e+01
   1.1974378e-01   4.2000000e+01
   8.6077617e-02   4.3000000e+01
   1.0885885e-01   4.4000000e+01
   9.8945607e-02   4.5000000e+01
   8.7283460e-02   4.6000000e+01
   1.3297505e-01   4.7000000e+01
   1.0758409e-01   4.8000000e+01
   1.1971295e-01   4.9000000e+01
   1.2380422e-01   5.0000000e+01
   1.6088758e-01   5.1000000e+01
   1.3284841e-01   5.2000000e+01
   9.2719068e-02   5.3000000e+01
   2.0688238e-01   5.4000000e+01
