   0.0000000e+00   1.0636811e+00   6.3329043e+00
   2.5000000e+00   1.0702427e+00   6.2988188e+00
   5.0000000e+00   1.0805844e+00   6.2547996e+00
   7.5000000e+00   1.0831674e+00   6.2403579e+00
   1.0000000e+01   1.0870991e+00   6.2229646e+00
   1.2500000e+01   1.0904162e+00   6.2118424e+00
   1.5000000e+01   1.0935142e+00   6.1929414e+00
   1.7500000e+01   1.0974989e+00   6.1741715e+00
   2.0000000e+01   1.1039635e+00   6.1523951e+00
   2.2500000e+01   1.1126744e+00   6.1118344e+00
   2.5000000e+01   1.1196854e+00   6.0638376e+00
   2.7500000e+01   1.1403176e+00   6.0009739e+00
   3.0000000e+01   1.1559962e+00   5.9316050e+00
   3.2500000e+01   1.1735376e+00   5.8519411e+00
   3.5000000e+01   1.1944472e+00   5.7579028e+00
   3.7500000e+01   1.2223320e+00   5.6634378e+00
   4.0000000e+01   1.2538329e+00   5.5176096e+00
   4.2500000e+01   1.2788237e+00   5.4323521e+00
   4.5000000e+01   1.2937171e+00   5.3621133e+00
   4.7500000e+01   1.3018230e+00   5.3093083e+00
   5.0000000e+01   1.3042137e+00   5.2632552e+00
